MutationType	SBS80A	SBS80B	SBS80C	SBS80D	SBS80E	SBS80F	SBS80G	SBS80H	SBS80I
BP10MB[0]	3.53E-04	2.28E-03	2.30E-04	1.49E-03	2.97E-03	6.94E-04	4.75E-03	8.05E-04	1.34E-02
BP10MB[1]	4.04E-05	1.31E-03	3.37E-04	8.99E-04	3.70E-04	2.46E-06	5.30E-05	1.24E-04	1.16E-03
BP10MB[2]	0.00E+00	1.15E-03	2.07E-04	7.84E-04	8.39E-04	4.38E-04	1.39E-03	0.00E+00	3.00E-03
BP10MB[3]	1.08E-09	9.70E-05	1.68E-04	2.18E-04	1.33E-04	5.86E-05	1.09E-04	5.05E-05	2.53E-04
BP10MB[4]	4.99E-10	6.40E-07	1.02E-04	2.87E-04	1.57E-04	2.50E-04	1.42E-04	2.42E-07	4.56E-04
BP10MB[5]	5.80E-10	0.00E+00	8.13E-05	1.42E-04	5.95E-05	1.02E-04	3.55E-05	3.66E-05	1.81E-04
BP10MB[>5]	7.52E-10	0.00E+00	1.85E-04	4.64E-05	1.38E-04	4.23E-04	7.57E-06	1.52E-04	7.92E-04
BPArm[0]	1.05E-04	1.92E-04	3.01E-05	6.23E-05	1.23E-04	3.02E-05	1.51E-04	5.36E-05	5.44E-04
BPArm[1]	2.43E-05	2.95E-04	9.05E-07	1.06E-05	1.35E-05	1.90E-09	2.14E-07	1.55E-05	2.37E-04
BPArm[2]	3.44E-05	2.65E-04	1.36E-10	4.06E-06	1.24E-04	2.26E-11	2.64E-04	2.07E-06	7.76E-04
BPArm[3]	2.43E-09	1.29E-04	5.15E-06	6.29E-05	2.31E-05	2.32E-07	3.33E-05	7.57E-06	1.42E-04
BPArm[4]	1.66E-09	1.56E-04	3.96E-07	1.86E-05	1.02E-04	1.55E-06	2.47E-04	7.90E-06	4.72E-04
BPArm[5]	9.33E-10	4.67E-05	1.18E-05	5.84E-05	1.70E-05	6.78E-21	3.27E-05	4.74E-06	7.72E-05
BPArm[6]	4.00E-10	7.97E-05	1.47E-05	4.18E-05	6.09E-05	1.27E-05	9.73E-05	4.95E-06	2.16E-04
BPArm[7]	7.69E-10	5.10E-05	2.25E-05	3.87E-05	2.30E-05	3.45E-06	2.65E-05	9.89E-06	6.08E-05
BPArm[8]	5.87E-10	4.57E-05	2.32E-05	2.76E-05	4.90E-05	1.04E-05	5.79E-05	6.87E-07	1.13E-04
BPArm[9]	6.38E-10	2.09E-05	2.07E-05	2.78E-05	2.15E-05	9.22E-06	2.29E-05	6.56E-06	4.33E-05
BPArm[10]	7.34E-10	1.48E-05	1.31E-05	2.26E-05	3.09E-05	1.76E-05	2.91E-05	4.14E-07	6.01E-05
BPArm[>10 & <=20]	7.28E-10	0.00E+00	7.26E-05	1.07E-04	8.62E-05	1.03E-04	1.44E-04	2.99E-05	2.46E-04
BPArm[>20 & <=30]	1.32E-09	0.00E+00	5.32E-05	9.72E-05	2.08E-05	7.88E-05	1.41E-05	2.96E-05	1.11E-04
BPArm[>30]	2.24E-09	0.00E+00	2.30E-05	1.00E-07	3.64E-06	8.11E-05	0.00E+00	2.65E-05	8.12E-05
CN[0]	4.19E-08	7.34E-06	4.30E-11	6.89E-05	3.71E-04	0.00E+00	6.68E-04	1.85E-05	1.24E-04
CN[1]	3.34E-05	1.20E-04	0.00E+00	3.27E-04	1.42E-03	3.07E-04	1.15E-03	4.21E-05	1.50E-03
CN[2]	4.45E-04	7.55E-04	0.00E+00	1.33E-03	9.02E-04	1.69E-03	1.83E-03	1.02E-04	5.00E-03
CN[3]	1.15E-05	1.09E-03	1.32E-04	1.09E-03	0.00E+00	1.46E-03	4.20E-04	2.10E-04	3.98E-03
CN[4]	9.59E-10	4.12E-04	1.06E-03	7.29E-04	0.00E+00	6.73E-04	4.05E-04	3.30E-04	2.40E-03
CN[>4 & <=8]	4.04E-10	0.00E+00	1.22E-03	5.81E-04	0.00E+00	2.86E-04	6.62E-04	7.22E-04	3.64E-03
CN[>8]	1.84E-09	5.80E-09	1.09E-07	5.46E-10	3.02E-07	1.75E-08	1.46E-09	8.81E-04	5.22E-05
CNCP[0]	7.33E-05	0.00E+00	0.00E+00	5.00E-06	0.00E+00	0.00E+00	2.15E-05	0.00E+00	1.81E-06
CNCP[1]	0.00E+00	7.76E-04	1.67E-19	1.87E-03	1.86E-03	2.51E-03	5.18E-04	0.00E+00	7.94E-03
CNCP[2]	5.66E-10	2.98E-04	9.13E-04	2.52E-04	8.14E-04	6.24E-04	1.90E-03	7.13E-04	3.20E-03
CNCP[3]	1.79E-09	0.00E+00	4.21E-04	7.80E-04	6.13E-09	6.19E-06	1.69E-03	4.47E-04	3.71E-03
CNCP[4]	2.89E-09	9.43E-11	1.48E-04	3.49E-04	0.00E+00	0.00E+00	7.32E-04	3.15E-04	1.77E-03
CNCP[>4 & <=8]	3.88E-09	0.00E+00	3.42E-05	3.33E-04	0.00E+00	0.00E+00	7.00E-04	6.42E-04	1.94E-03
CNCP[>8]	1.89E-09	5.53E-09	0.00E+00	0.00E+00	4.89E-07	5.89E-09	3.19E-09	4.21E-04	4.49E-08
OsCN[0]	6.71E-05	5.24E-05	1.07E-03	1.20E-03	4.82E-04	9.06E-04	0.00E+00	7.01E-04	4.12E-03
OsCN[1]	1.94E-05	5.72E-04	2.63E-04	4.47E-04	4.32E-04	4.66E-04	7.58E-04	3.57E-04	3.08E-03
OsCN[2]	5.00E-10	1.21E-04	1.10E-04	1.28E-04	1.13E-04	1.25E-04	5.62E-06	6.11E-05	3.90E-04
OsCN[3]	0.00E+00	8.93E-05	9.54E-05	1.34E-04	1.34E-04	1.09E-04	1.52E-04	3.63E-06	2.87E-04
OsCN[4]	5.42E-10	1.64E-05	3.21E-05	3.87E-05	3.50E-05	7.45E-05	0.00E+00	0.00E+00	1.24E-04
OsCN[>4 & <=10]	5.48E-10	0.00E+00	3.65E-05	9.51E-05	6.72E-05	1.95E-04	6.18E-05	0.00E+00	3.37E-04
OsCN[>10]	9.19E-10	1.08E-10	1.12E-09	1.45E-09	2.83E-05	6.10E-05	2.86E-10	7.87E-10	5.06E-05
SS[<=2]	4.42E-09	2.96E-06	2.02E-05	2.02E-08	4.16E-06	1.03E-04	5.27E-05	3.49E-05	1.70E-04
SS[>2 & <=3]	2.61E-09	0.00E+00	1.03E-05	0.00E+00	2.47E-07	4.04E-04	6.81E-04	2.76E-04	1.73E-03
SS[>3 & <=4]	1.68E-09	0.00E+00	0.00E+00	0.00E+00	1.42E-04	2.07E-03	2.91E-03	8.22E-04	7.07E-03
SS[>4 & <=5]	0.00E+00	1.31E-04	1.48E-04	0.00E+00	8.77E-04	3.76E-03	1.01E-03	7.68E-04	2.03E-03
SS[>5 & <=6]	3.50E-11	1.38E-06	9.90E-04	2.50E-04	1.08E-03	3.68E-03	1.40E-47	1.22E-03	5.68E-03
SS[>6 & <=7]	0.00E+00	4.63E-22	1.18E-03	1.25E-03	1.27E-03	1.54E-03	1.02E-03	5.63E-04	3.17E-03
SS[>7 & <=8]	1.07E-04	5.44E-04	4.33E-04	5.68E-04	1.14E-03	4.98E-04	1.70E-03	1.53E-04	4.02E-03
SS[>8]	5.48E-05	7.97E-05	2.11E-10	0.00E+00	8.93E-10	3.46E-10	0.00E+00	1.98E-10	3.18E-05
NC50[<=2]	4.46E-06	0.00E+00	2.58E-11	1.78E-11	7.28E-10	5.78E-07	0.00E+00	3.92E-06	4.84E-07
NC50[3]	3.91E-06	7.19E-06	1.32E-07	0.00E+00	3.71E-06	1.50E-06	0.00E+00	4.57E-06	4.24E-06
NC50[4]	3.33E-06	1.03E-05	1.54E-07	0.00E+00	7.84E-06	1.64E-06	7.29E-07	3.11E-06	1.29E-05
NC50[5]	1.51E-06	8.48E-06	1.56E-06	1.00E-10	9.37E-07	1.69E-06	7.47E-06	3.21E-07	2.26E-05
NC50[6]	6.86E-07	9.85E-06	2.48E-06	8.54E-06	0.00E+00	3.58E-07	1.26E-05	0.00E+00	2.02E-05
NC50[7]	9.29E-07	6.48E-06	2.07E-06	9.26E-06	1.23E-07	5.58E-07	1.04E-05	0.00E+00	1.18E-05
NC50[>7]	1.00E-06	1.38E-06	1.02E-06	2.73E-06	7.04E-07	1.01E-10	4.35E-06	1.31E-11	6.58E-06
BoChr[1]	3.41E-06	3.77E-04	7.65E-04	7.45E-04	3.56E-04	1.94E-03	5.95E-04	6.29E-04	2.60E-03
BoChr[2]	8.49E-06	1.12E-04	5.07E-04	4.08E-04	3.25E-04	4.49E-04	2.88E-04	0.00E+00	8.13E-04
BoChr[3]	7.40E-06	1.34E-04	6.82E-04	4.46E-04	3.48E-04	5.72E-04	2.22E-04	5.38E-07	7.72E-04
BoChr[4]	1.42E-09	2.29E-04	6.73E-04	5.62E-04	4.22E-04	1.07E-03	4.17E-04	2.79E-04	9.79E-04
BoChr[5]	2.77E-06	2.21E-04	4.12E-04	3.98E-04	2.93E-04	1.45E-03	3.41E-04	4.48E-04	5.91E-04
BoChr[6]	4.75E-06	1.93E-04	6.67E-04	5.20E-04	4.39E-04	4.49E-04	2.45E-04	2.23E-04	7.89E-04
BoChr[7]	8.62E-06	2.36E-04	5.25E-04	5.00E-04	1.65E-04	1.26E-03	3.57E-04	2.09E-04	8.08E-04
BoChr[8]	2.61E-06	3.25E-04	1.41E-03	1.74E-03	7.48E-04	5.66E-04	2.32E-04	1.03E-03	5.75E-03
BoChr[9]	3.68E-06	2.13E-04	3.97E-04	2.15E-04	2.87E-04	3.46E-04	2.79E-04	5.35E-05	7.61E-04
BoChr[10]	3.82E-06	7.50E-05	2.34E-04	2.62E-04	1.60E-04	4.38E-05	1.21E-04	0.00E+00	2.55E-04
BoChr[11]	6.61E-07	2.04E-04	5.83E-04	4.17E-04	4.80E-04	8.36E-04	3.72E-04	1.12E-03	3.77E-03
BoChr[12]	1.20E-08	1.34E-04	1.32E-04	2.69E-04	1.62E-04	1.05E-03	2.12E-04	5.32E-04	5.21E-04
BoChr[13]	4.65E-06	1.10E-04	1.69E-04	1.96E-04	1.36E-04	1.14E-04	1.25E-04	1.54E-05	2.83E-04
BoChr[14]	5.25E-06	7.59E-05	1.66E-04	1.86E-04	1.47E-04	1.73E-04	1.10E-04	6.42E-05	3.64E-04
BoChr[15]	5.91E-09	6.63E-05	1.45E-04	1.63E-04	1.11E-04	1.40E-04	1.68E-04	7.83E-05	4.18E-04
BoChr[16]	6.44E-07	9.27E-05	1.05E-04	1.33E-04	8.36E-05	1.95E-04	1.57E-04	9.23E-05	5.42E-04
BoChr[17]	1.12E-05	3.21E-04	5.11E-04	2.05E-04	4.05E-04	5.22E-04	2.49E-04	1.29E-03	5.08E-03
BoChr[18]	1.83E-06	1.48E-04	3.22E-04	2.67E-04	1.72E-04	1.96E-04	6.13E-05	7.01E-05	4.23E-04
BoChr[19]	2.65E-09	2.07E-04	3.42E-04	1.04E-04	8.77E-06	4.32E-04	6.08E-05	1.54E-04	1.87E-03
BoChr[20]	1.82E-09	1.24E-04	1.99E-04	1.98E-04	2.06E-05	2.84E-04	6.69E-05	2.97E-04	1.42E-03
BoChr[21]	5.66E-06	1.09E-04	1.81E-04	1.40E-04	1.74E-04	2.41E-04	6.86E-05	7.49E-05	1.99E-04
BoChr[22]	4.20E-06	7.33E-05	2.12E-04	7.80E-05	1.40E-04	1.38E-04	5.00E-05	3.57E-05	6.77E-04
BoChr[23]	1.02E-05	2.53E-05	2.19E-04	2.91E-04	2.25E-04	6.54E-04	4.25E-04	2.16E-04	1.04E-03
