MutationType	SBS80A	SBS80B	SBS80C	SBS80D	SBS80E	SBS80F	SBS80G	SBS80H	SBS80I
BP10MB[0]	0.7012699085474015	0.5050214159488678	0.0007953968581354895	0.017091214901278944	0.03786638114886039	0.00758389166334144	0.1640270994976163	0.020909126014448703	0.10786246659467585
BP10MB[1]	0.0004537805732486788	0.06309514022432268	0.002061563950119307	0.04396426003426313	0.0038455205467471387	2.46491254074499e-06	0.0001990206551391285	0.0024908358430548107	0.0024915027769959984
BP10MB[2]	0.0	0.03537736067117294	0.0008349625333357835	0.04070575656369328	0.009531476153146732	0.0036367378478187285	0.07500868413597345	0.0	0.02545373482733339
BP10MB[3]	9.106050528062681e-09	0.0011798104172339662	0.005221334710950032	0.02270940298214555	0.006141615690430626	0.00011812979355454444	0.001823721632390516	0.0008359971751633566	0.0017621885434496707
BP10MB[4]	8.6116272002279e-10	6.399711855920032e-07	0.0023442962695622784	0.014105831449851393	0.0043821532314177606	0.005836250738211674	0.012384190363809467	2.707550379454915e-07	0.004522379394256859
BP10MB[5]	1.7912261753849634e-08	0.0	0.0029198487102985384	0.006040073516778648	0.002163797524990514	0.0011922181753106996	0.00021691944813483131	0.0011348159858607686	0.0018094888472114689
BP10MB[>5]	1.88846478232918e-09	0.0	0.006758920848369598	9.43452111587817e-05	0.004221869840985164	0.02049043897073716	1.3092418448650278e-05	0.012387555465102196	0.007326051842038303
BPArm[0]	0.10012321174144745	0.022022457448765635	0.00037926025750188274	0.0009868739767242346	0.002070557323478302	0.0002653605930265925	0.006803314192220569	0.0009554739058512496	0.003804206226853568
BPArm[1]	0.001696897626388818	0.013861587084829808	1.5117324437596834e-06	3.535109182218443e-05	4.5769364701606224e-05	4.542516576222511e-09	2.1421810743049717e-07	0.0002848914129815938	0.00027344895959686256
BPArm[2]	0.002171100794803351	0.022512981202453375	1.5853427459688874e-10	4.0567503310739995e-06	0.0008933276185987805	2.2583661607455952e-11	0.0045116669381968675	2.618418605457862e-06	0.0032778276255247653
BPArm[3]	5.620002246686795e-08	0.00854941753204912	9.30227018216101e-06	0.0009425260654825252	6.43151799959063e-05	4.038070446943376e-07	0.0008036821277346462	4.059130725318383e-05	0.0005303814646113392
BPArm[4]	2.3701341678172837e-08	0.008284654626622796	3.9600927311145283e-07	7.10415432704492e-05	0.0012777285966876662	1.5488111946648786e-06	0.007003058369737119	3.8261140144300046e-05	0.002157325367265912
BPArm[5]	3.0623850335587124e-08	0.003649229125585407	1.3298988475227703e-05	0.0028054404037538916	7.213184360510994e-05	6.782441066246525e-21	0.0010685351776191965	2.6740672742260328e-05	0.0004291567348367131
BPArm[6]	3.821905804751724e-09	0.0028161173523403703	6.251545480538764e-05	0.0011953942308900879	0.0009669677772481578	5.846120640877528e-05	0.005334763105493039	1.7720603864290755e-05	0.0017975433588954103
BPArm[7]	2.951355668301403e-08	0.0014577522379113361	8.547889711527584e-05	0.003119716278742999	9.873917265631693e-05	4.470609096642874e-06	0.0009153423072348233	9.431561657513576e-05	0.0005038458261632373
BPArm[8]	1.4604835780751556e-08	0.0005834643989273047	0.0002659480279058002	0.0019385546527337283	0.0011418809514725581	3.247565436140576e-05	0.0033394197188317777	6.871695222798735e-07	0.0009818278540215885
BPArm[9]	2.2562684085514206e-08	0.00024320589567651042	0.0003315408495235709	0.002240166635019705	0.00035043988227698717	3.568783373850692e-05	0.0008962552293087356	3.333610258437301e-05	0.0005155311396751472
BPArm[10]	2.0763763650677446e-08	8.794084137434765e-05	8.49487678161137e-05	0.0019595826172735544	0.0006367352826248407	0.00010291129774259389	0.0021977987419813873	6.655475677774802e-07	0.0007942164156315812
BPArm[>10 & <=20]	3.0904088380023788e-09	0.0	0.0013504900979023659	0.010848936084657907	0.0016330911968702822	0.001645319229210145	0.003966851902659983	0.00020737733522268313	0.0028499213955910816
BPArm[>20 & <=30]	2.8694646223570432e-08	0.0	0.0011249583659810015	0.00163402228965424	0.0001665538460443372	0.0018374008945772858	8.333826385229927e-05	0.0005787506311935431	0.0008917095052129298
BPArm[>30]	7.367879760522555e-08	0.0	0.00016725663361938814	1.0034485057985876e-07	1.0141649966911581e-05	0.003297419730806723	0.0	0.0023402938013896346	0.000581082304706797
CN[0]	3.846383365768702e-07	1.0466269070019684e-05	4.3028727247929056e-11	0.00011049391378077366	0.005885441827396463	0.0	0.04318476069718599	5.420101114070874e-05	0.000413847419762714
CN[1]	0.0037043778784573078	0.000286361743346788	0.0	0.000926202562986873	0.1672247987985611	0.0007570018192014771	0.025166464142967016	0.0001334604223666247	0.0097427494902513
CN[2]	0.043499206006526944	0.00835997738991864	0.0	0.02746099592652172	0.18023092091083526	0.05712224251707085	0.09095355913043023	0.00031527196857496947	0.02874782626051456
CN[3]	3.8812249329911454e-05	0.03205125996842981	0.00035513595270464463	0.10605974972248078	0.0	0.10123296160250903	0.002919765951375186	0.0006857654293710272	0.05484263001433987
CN[4]	9.593387062523107e-10	0.00650484379963018	0.12616045489907265	0.01527583674993366	0.0	0.02416215170058422	0.005246391008485913	0.005263718969217734	0.03208044410683215
CN[>4 & <=8]	6.631968041403979e-10	0.0	0.15465389288961887	0.0007408189286334733	0.0	0.0005571617707996257	0.008147189416554852	0.06737730119377375	0.027661784201169336
CN[>8]	1.241911876048718e-07	1.1465611308381086e-07	1.2606081682520199e-06	7.711357774553562e-10	3.0401893990728013e-07	1.413057923027594e-07	4.435645664102594e-09	0.13487467862665653	5.2564687391798044e-05
CNCP[0]	0.04300797056406736	0.0	0.0	5.006200911858993e-06	0.0	0.0	0.0004197168512450844	0.0	1.8697549691104598e-06
CNCP[1]	0.0	0.04539450269192457	1.6725829397159338e-19	0.17524098090827464	0.23000673338770866	0.27268979474902155	0.0021717987199401166	0.0	0.10009982544673267
CNCP[2]	1.0342622935866075e-09	0.00152166422807289	0.14198470056056978	0.00038886410633494963	0.010377761727320446	0.0016232197289456998	0.1115801452100277	0.014312763315668567	0.023748704888039356
CNCP[3]	7.865458937494906e-09	0.0	0.029803484315052628	0.003087254035746041	6.164956163345892e-09	6.195091857250645e-06	0.025915396788941506	0.03094677485525608	0.025680087894783127
CNCP[4]	7.818947050708403e-08	9.433663628044542e-11	0.01023169532418251	0.0003711515129720766	0.0	0.0	0.011010297900923262	0.03258473442867398	0.011921744276352796
CNCP[>4 & <=8]	6.414297835988236e-08	0.0	3.63501938847266e-05	0.0003328605017645359	0.0	0.0	0.010478972002301674	0.07765072163194418	0.012043641455944396
CNCP[>8]	1.7883262206197515e-07	1.297680480938368e-07	0.0	0.0	6.336298655185146e-07	1.0036100235311096e-08	2.064645765270656e-08	0.06042431123554706	1.992750345825023e-07
OsCN[0]	0.04661084491759539	0.00012651872064452617	0.08296352982521057	0.04513487171381712	0.011769691843073814	0.0029295593067583635	0.0	0.16093610614538192	0.03168320586235495
OsCN[1]	0.0005902655184036121	0.021109361900016665	0.02753498688340187	0.029535727351903917	0.0036001467621099435	0.0203506497759372	0.074938134662807	0.026849671732634306	0.04524102481082082
OsCN[2]	4.3667952603909655e-09	0.0027915572235360743	0.008145302145276218	0.009227478713728487	0.004357230304740369	0.0056747015623841435	1.1125270248157904e-05	0.004604469859041274	0.004190849883598275
OsCN[3]	0.0	0.0009880121966466505	0.0033391653082799166	0.003428877902988461	0.006576858358457684	0.009193946234881878	0.010157788721844554	9.120744152824045e-06	0.004652031333086626
OsCN[4]	3.047695285474106e-08	0.00010525365796979913	0.0011267939014942385	0.002254355722106993	0.002568845215719193	0.0033260686171706767	0.0	0.0	0.0011539767440990544
OsCN[>4 & <=10]	1.8595747035554667e-08	0.0	0.00027820812943120805	0.0015914417292515282	0.008191932691261172	0.010379364555701613	0.0009890526019626122	0.0	0.0021516826715713934
OsCN[>10]	5.2209349554743764e-08	1.8657884459649666e-10	2.896313024969288e-09	7.173063942267355e-09	0.0020767853420693427	0.001855778995595756	5.3128358157295e-10	2.8281078701120068e-09	0.00021804868153886713
SS[<=2]	8.509418000457459e-08	1.645915354655081e-05	0.0006423242590972222	2.015249492615112e-08	1.2442684261060321e-05	0.0016834763414226473	0.0006766700974549167	0.0017608612217009068	0.0014386870083740178
SS[>2 & <=3]	8.086071289881148e-08	0.0	2.555413346001956e-05	0.0	2.723174996432931e-07	0.00578430000692606	0.010216520056128503	0.006251583468401805	0.011156943690395948
SS[>3 & <=4]	1.2380814238266424e-08	0.0	0.0	0.0	0.0005121354064334582	0.03425709716975689	0.04328956852072228	0.01283319455434878	0.044944434453108216
SS[>4 & <=5]	0.0	0.00025624602800235154	0.00042747674150120927	0.0	0.024670908357948065	0.1235456324648112	0.031055668657645582	0.056427677348256114	0.02245594981217437
SS[>5 & <=6]	4.731909752919705e-11	1.3846186629962177e-06	0.08190780285745859	0.0003570229734812845	0.08635204318910837	0.10055099694058299	1.401298464324817e-47	0.0771378519013524	0.0595424594450742
SS[>6 & <=7]	0.0	4.633997623432187e-22	0.07026871901005506	0.16670390605926513	0.06754266289994121	0.005973326183157042	0.029091746881604194	0.027300729993730784	0.029595252522267402
SS[>7 & <=8]	0.016750176711939277	0.11535667791962624	0.005680286510161499	0.06219604812562465	0.019274769376497716	0.005809664872358553	0.07850673917680978	0.0016134238371887477	0.03664797099389914
SS[>8]	0.03519197255373001	0.004605361421126873	4.798810926409658e-10	0.0	1.0053328036718768e-09	9.88842376870025e-10	0.0	3.8689195402952236e-10	5.4557072146628196e-05
NC50[<=2]	0.0012085481255780905	0.0	3.4220943856411166e-11	2.1122300297715667e-11	4.90558007659736e-09	8.168223854454481e-07	0.0	5.731136203806386e-05	6.37951054818231e-07
NC50[3]	0.0005919418775010854	9.285263727363712e-05	2.1621845091690517e-07	0.0	2.851967503119557e-05	7.562284295712374e-06	0.0	8.762529755813375e-05	1.4356729234785704e-05
NC50[4]	0.00017471717932494358	0.0007083990288083441	1.537025460418562e-07	0.0	0.0001277036897090511	6.4877957688880275e-06	7.290544454008341e-07	3.632977743602162e-05	6.331548015310773e-05
NC50[5]	2.700353269759148e-05	0.000800518192409072	5.521012990291618e-06	1.4204225018410456e-10	1.7195963417471205e-06	1.2766100150606308e-05	9.89690178175806e-05	4.623530172787049e-07	9.638653014289095e-05
NC50[6]	4.455732454005101e-06	0.0005165067256893963	9.674464410764916e-06	0.00018066206765070093	0.0	3.584337958795203e-07	0.0003811635157228405	0.0	0.00010137790541999588
NC50[7]	1.3374199478732863e-05	7.345707001150004e-05	8.040615308146925e-06	0.0003846563192200847	1.2365337322961523e-07	1.047981221611316e-06	0.00023032141871226486	0.0	6.056717363505548e-05
NC50[>7]	3.07107620392344e-05	3.105535767682355e-06	1.0252986723674473e-06	7.517092901252908e-05	1.5486210790527367e-06	1.2415340422400333e-10	5.960176121618588e-05	1.810246341715782e-11	2.8802279863141545e-05
BoChr[1]	1.4997811618515654e-05	0.006392895127646625	0.013413852537050843	0.015691316465381532	0.001244140455382876	0.027383913709782062	0.00652300866364385	0.011758660366176628	0.02256116996058882
BoChr[2]	0.00011994938594849459	0.00042050053023880076	0.018435517796315252	0.021969321975484492	0.0049968909268500285	0.006009981270926801	0.006584278259251733	0.0	0.004582819067873061
BoChr[3]	0.0001433393746613376	0.0006683902229451632	0.028117346565704793	0.006243513301596977	0.012412185426801442	0.005725333549780771	0.005740505250869319	5.38088206667453e-07	0.003940457093412988
BoChr[4]	1.1035434031025915e-08	0.002352014640709967	0.010892453257692978	0.008202915276633575	0.006691365807729426	0.010459814065835168	0.005005732660647482	0.0032259874061583106	0.006553024332970381
BoChr[5]	7.719055193380341e-06	0.004922598491248209	0.002400104435195799	0.006716698958771303	0.0013150081620365351	0.030411045560613276	0.00635349913565733	0.01043310628272593	0.0015344113134779036
BoChr[6]	4.268683829479869e-05	0.000929869782093109	0.0254334306018427	0.011070335006224922	0.011008829007041641	0.0014318108445149846	0.0037735811169841327	0.004032414903049357	0.006072486009961722
BoChr[7]	0.000187376657789855	0.005511237838072702	0.010189373077593546	0.007127440420445055	0.00030165044125169516	0.027099747192114592	0.006528961451840587	0.001958435464482591	0.004215124605907477
BoChr[8]	1.0432102573174617e-05	0.0035372456267668893	0.010384025726016901	0.028479937402474887	0.005782317590603725	0.001448286384838866	0.003123602208797852	0.017728225507731565	0.025331615577451883
BoChr[9]	3.080746618099539e-05	0.004411375937634148	0.015039021422853693	0.0006382557867618743	0.00885772418929264	0.002281112955970457	0.004348257807869246	0.00031753437524457696	0.006449398248918143
BoChr[10]	4.046820864516576e-05	0.0010171631879347842	0.010959102399647236	0.015943210888653993	0.005796282642986626	8.394730684813112e-05	0.005422552970703692	0.0	0.0021268264943500982
BoChr[11]	1.2187452483436445e-06	0.0026632617643267053	0.005237278666506775	0.005342471520707477	0.0032109298176394674	0.00826893098243028	0.008938036868348717	0.024269831781037112	0.02148901870532427
BoChr[12]	3.846672862350964e-08	0.004409549165284261	0.0002618744847859489	0.006637827015074435	0.0015001144279929008	0.01648244493640959	0.004117670274299598	0.042800468113273385	0.002010337870451622
BoChr[13]	5.798669981601279e-05	0.0038887930824421345	0.006136422817362473	0.005859517168719321	0.0039026790927164257	0.0018728460982674732	0.0025185522372703417	3.674093208279073e-05	0.0025932542265397463
BoChr[14]	0.000363912848115433	0.002517253240803257	0.007783085214905441	0.007664464395493269	0.0019664561851221885	0.000602817640901776	0.0025697759559261614	0.00235054123273585	0.0036635166386258786
BoChr[15]	6.978666909240872e-08	0.0018889267364284024	0.0061446013604290785	0.005288714608177543	0.0012663164391935311	0.0008221332593166153	0.002746362177131232	0.0012377414338040683	0.006931023561628535
BoChr[16]	1.2651550188635953e-06	0.005318567352369428	0.005891375581268221	0.005610841021407396	0.0005279807530316435	0.002429675997385203	0.005781499176518992	0.0013767639576778897	0.005442629618919455
BoChr[17]	0.00011568790419892006	0.004679541021080205	0.003265272051564843	0.0007749231843627058	0.0025974176008513403	0.0031791910535088163	0.00315211275818001	0.017911638034830302	0.043694881678093225
BoChr[18]	6.526517637297502e-06	0.0024211599573027345	0.014225434907712043	0.0005971024685979489	0.006367913067078916	0.0005419641944126852	0.000555162014279631	0.0016623301888466812	0.0019387756090145558
BoChr[19]	3.8262945733225087e-08	0.004495612079811906	0.0125958564307075	0.00029591564332065445	1.1971688829248706e-05	0.00656703079330919	0.0004927392322861124	0.0034367304206534754	0.012273447614279575
BoChr[20]	2.1870142030699924e-08	0.003277972760886314	0.00777313511702232	0.005413984964834526	5.848120906681695e-05	0.0025208297978200635	0.0008772640983988822	0.005573569816078816	0.01080723634094431
BoChr[21]	0.00018982166016940028	0.0017895812675124034	0.005603363121626899	0.0012978465050036902	0.0034439343442500105	0.001494670990796294	0.0007410896648070774	0.0022005408784025347	0.0014308990951394662
BoChr[22]	0.00025568796845618633	0.0019694963440997524	0.006986269564367831	0.00027835315930133217	0.0029518981563160197	0.0006233884026005403	0.0006516228396867518	0.00024605294711361656	0.004569238756033678
BoChr[23]	0.0012493659812025726	9.282413195251138e-05	0.0024268413323008152	0.00929201022721827	0.004813388023467269	0.006623029879447131	0.005958883711136878	0.004531766120344401	0.006642143334629509
