MutationType	SBS80A	SBS80B	SBS80C	SBS80D	SBS80E	SBS80F	SBS80G	SBS80H	SBS80I	SBS80J	SBS80K	SBS80L	SBS80M	SBS80N
BP10MB[0]	0.714473444223404	0.035132488735253	0.0008096705197345104	0.42607812911272047	0.5364269877970219	0.00600260593014829	0.014830279718260642	0.005967070348684498	0.022762376465834677	0.05017024337194024	0.0607141223642979	0.037454560585314954	0.05479715819442444	0.07163633473954663
BP10MB[1]	8.743700974029877e-05	0.05977488427422941	0.0011943601407397861	0.003772324943947751	0.09078490260289981	0.0004702504345914778	0.00849725260536161	0.002560539950155124	0.0012381910278535144	0.0015337650446700835	0.0008814737209468149	0.002163523721621914	0.002710732362883932	0.0030339397568824
BP10MB[2]	0.0	0.04466168052516878	0.0017120740620926377	0.09495759956538677	0.005397773893106432	0.009132549745991127	0.0011255974315888294	0.0008385930500662653	1.401298464324817e-47	0.03814213504549116	0.04623524204362184	0.008028164762435407	0.002689276120508911	0.0012493167194770648
BP10MB[3]	8.300235787572774e-10	0.02763033553957939	0.004488633982255123	0.0007643826194291137	0.001690393207991292	0.0031050250614045893	0.005922118940507062	0.0003361847972701071	0.0007127627937234137	0.0038666904207667586	0.002591791364749024	0.0021241364323105073	0.001844851328801127	0.0006726124876394124
BP10MB[4]	1.4396376979419757e-10	0.012525020008906722	0.0019654294635256518	0.0033799531289150763	0.0	0.010728305767988786	0.0030890482832950285	0.002224026352968482	2.291692464496009e-05	0.01286603696149541	0.012078382063191385	0.0013598611197301125	0.00039603679197541597	0.0003054328253188032
BP10MB[5]	1.3739706312132505e-08	0.005869489414617419	0.002939874477988269	0.0001553445402532816	0.0	0.0037861526983050454	0.0019645589871652193	0.00043297811804222876	0.0012503344019933137	0.0009006214954565906	0.0015101674377365271	0.00040424244280790945	0.0010996002421931905	0.0014930132672073269
BP10MB[>5]	1.3452186917173314e-09	0.0	0.008751537388889119	3.840810852125287e-05	0.0	0.017504464068242208	0.0033045090547761903	0.012761703929863871	0.013774861707352102	0.0020060086156127	0.0007639806399531899	0.0013596650289164813	0.004172022101368924	0.009126816437928937
BPArm[0]	0.10252722352743149	0.0015691933656896773	0.00017485233240850502	0.016652791587403043	0.026074374178424477	0.0004348578683892118	0.0010686412519261114	0.0003513762249258434	0.0011344841514983272	0.003260010635567596	0.0028869751514866947	0.0016304614467088996	0.00043280464742565536	0.0034214639477764485
BPArm[1]	0.0010676171747570607	0.00017875423088121068	1.5156212396227887e-12	0.00021280379096367597	0.02404156409204006	1.7876001745520399e-09	2.111533132158172e-05	0.00016146937947476793	6.0904595664525996e-05	2.2874719007859312e-10	2.245636778752669e-09	1.27345719569405e-06	2.601682518641457e-06	1.2413958639569955e-05
BPArm[2]	0.0019533897831570356	1.401298464324817e-47	5.815575310208487e-10	0.022922618392622097	0.019560786343645303	3.433222062199093e-10	0.00011050329325375863	2.703183085043026e-05	2.1813708970359612e-05	0.00034414756118925636	0.00014851842541247607	6.842498123660335e-10	1.2687188662567906e-05	0.00040365146853115874
BPArm[3]	1.971277734824639e-08	0.0019092754724260885	0.0	0.0019934906550696497	0.011510430563939736	9.570178650464278e-07	3.718928240557418e-05	0.00018574936855722868	9.54433398029142e-06	0.0005443534895810842	0.00037379700279416284	9.174711086531672e-05	7.7505740552572e-05	0.0001232226213518218
BPArm[4]	7.548118258204895e-09	0.00041409375990042463	3.531398906488903e-06	0.014777452360559096	0.00417837684508413	2.5566925724120893e-05	0.00011784461712842642	9.0049107093364e-05	0.00023624076419082485	0.0024399628238733584	0.001755433777871076	0.00013017461028938076	0.00019651592361583426	0.00015964790152183994
BPArm[5]	2.1664806897480486e-08	0.0038630240631755443	7.436484884237871e-07	0.0022358500555856153	0.003629681277088821	1.108035122712181e-06	5.2750535441270506e-05	0.00010742424405379758	2.0194923627059326e-05	0.0006084292135410507	0.0003481476252090943	0.00020254923623829745	0.0005304629836348341	0.0002411376689921345
BPArm[6]	4.374769850684635e-09	0.0015965662329108453	7.568307204904825e-05	0.007061356223839397	0.0005915451785412985	0.0001344956476984116	0.0002851436985503142	0.00011299246834823861	3.590397835296244e-05	0.002600435720150358	0.003103918069973588	0.000476453975310136	0.0004569383957095982	0.00013377174556271696
BPArm[7]	2.803192819866851e-08	0.003915677821496501	0.00010082402085117792	0.0013502149800631003	0.0010915228302474133	0.00010853093251435464	0.00010220070568482064	0.00012710070873548585	5.131488588631328e-05	0.00046011098208932567	0.0005719820131769283	0.0004400854641329488	0.0009183939592492152	0.00016154726477359381
BPArm[8]	1.39384753907763e-08	0.0022259529438451863	0.0001093266933820994	0.0033378517744696978	5.841336576850154e-05	0.00022626651999193114	0.00045726545079332936	6.524269278088468e-05	2.4123607727233322e-06	0.0019026947604027101	0.0021345824042509776	0.00022122304416101192	0.00013439833875466433	0.0002682034960321291
BPArm[9]	1.655567706704275e-08	0.002683211477706209	0.00017214732501770415	0.00048240294697563966	0.00016910831067434628	0.0003095982792112295	0.00021601999361135605	0.00010321462695173977	4.131353380216751e-06	0.0007779701140589168	0.0009933944622753188	0.0005193961772715738	0.0005051611043921867	0.0001478669979121605
BPArm[10]	2.0142931969058252e-08	0.0019691479625180363	1.40073426294407e-05	0.0013705990275994396	3.088733812344202e-06	0.00044990959360717396	0.0003259129050632481	5.946846542883577e-05	2.9802367862430404e-08	0.0012723205051878494	0.0021217296029863064	9.945411150461326e-05	0.00023691728276048707	8.900453620478643e-05
BPArm[>10 & <=20]	2.7513364256326333e-09	0.011027448158711196	0.0011481305334544345	0.00012642423767829315	0.0	0.004361142555590508	0.0013283986487242316	0.0010563172706315527	0.00011873666958152285	0.004444613472085166	0.006147445822134614	0.0002746110186338769	0.0006991930356902465	0.0006043979294554447
BPArm[>20 & <=30]	3.2740159747746136e-08	0.001301462308038026	0.0015014710478277492	7.33286258764565e-06	0.0	0.0025080681872901777	0.00011069110871460453	0.0005700909297385514	0.0007360790709208232	0.0004885210631845638	0.0004257128281824407	9.103144006610789e-05	0.00018030501154453206	0.0003625365876399656
BPArm[>30]	6.465613349604383e-08	0.0	0.000707183774909943	0.0	0.0	0.0023080335272049977	1.669278589052414e-05	0.0016212738439207897	0.0027757098770234733	7.675482987352212e-05	3.04472167044878e-06	0.00016491810752341962	0.00012594936502694054	0.0002246568177736208
CN[0]	3.3287188595920725e-06	0.00010110083886797128	0.0	0.0018989707304226141	1.7109845389384757e-08	2.732519703840808e-09	0.0032387799386066262	1.2003076335987185e-06	2.0504212034921925e-08	0.0728758259498568	0.009741357908942235	7.010546637566892e-08	0.0	0.0005174531946559569
CN[1]	0.00266957582140531	0.001323349970043637	0.0	0.0005863307497929782	0.00014940048245648543	0.0002658251998946071	0.2361362312734127	0.002472633996366085	0.0	0.02773498405818831	0.028087393222376703	0.0006208730582147837	0.00041501970496028663	0.0009776881686411798
CN[2]	0.030801129406156206	0.015396030440633389	7.747598919142007e-05	0.07257062059827343	0.00048377329017966985	0.14295866325497628	0.1879973515123129	0.01941066904653484	0.003221897955518216	0.13720761108886553	0.010276294673306404	0.034455227486581703	0.027952442406079355	0.043828269211922295
CN[3]	1.0276668309359138e-05	0.07364489614963532	0.0002451228733152571	0.0035810780862811954	0.04166689022560604	0.11233563859363926	0.0	0.044591523076524024	0.0016573297890136018	0.0012168881273828447	0.03598885760817211	0.07811269854195416	0.04597587071125563	0.04910685652377651
CN[4]	7.0086597636631605e-12	0.008145247112253192	0.11629457710310817	0.0008183093504984346	0.0074059404932222605	0.013301269686652333	0.0	0.016270580410807155	0.00212635014124647	0.016172604777149525	0.01585091868240852	0.12745935060104482	0.03631945655943127	0.03571354409414247
CN[>4 & <=8]	7.87784638633937e-09	3.902325121890551e-07	0.19447775021195413	7.679180384911888e-09	2.802596928649634e-47	0.0005464998987481306	0.0	0.001239728537293029	0.06378591876477004	3.6508955645331296e-08	0.055161489219935904	0.026400258901786024	0.0016589106176476795	0.0007980248823236025
CN[>8]	1.4069657063853214e-07	1.0072652553372308e-07	0.0009611416333962097	4.13399136545145e-08	8.646212377172447e-09	2.263843214223016e-08	1.683059354107286e-09	1.704802333346578e-07	0.1700705087184906	1.775693618810692e-09	0.00015889633704062157	1.2274560166142255e-07	0.0001270877627085909	1.9294086010076328e-07
CNCP[0]	0.044531593024730684	3.1041610691318055e-06	2.9505153875675204e-11	1.4712783740833402e-05	2.687962227874152e-05	3.3355238926446873e-09	5.733391716944425e-10	1.441433816751214e-10	0.0	0.00035240267054376773	0.0002724984948640953	1.8468401130700198e-35	1.203253816584038e-09	9.208417613990605e-06
CNCP[1]	0.0	0.1650423135003075	0.007906794375197444	0.061418695971369744	0.03472484572790563	0.2510870975581929	0.25561754375696183	0.2181456388690276	2.802596928649634e-47	0.0002885594218969345	0.011319786873064003	0.05489790828827213	0.08406878083013053	0.06684510551841844
CNCP[2]	1.4469069009592772e-09	0.0029839959688558793	0.13351830598020964	0.00422559380531311	0.0001566702827175373	0.0016296399972105051	6.273147650063038e-05	0.010701248935382424	0.006006045093513422	0.2609057852625847	0.017448928071026704	0.04884552751235219	0.02735543602849006	0.03215602647747327
CNCP[3]	1.1015576368844649e-08	0.005139575566790882	0.035173974689096214	0.00041404543717206367	3.36998783012632e-08	0.0007143019222985458	8.95471064943365e-08	0.0007014000172603119	0.02942437632009387	0.0037817145902396022	0.08048643125386662	0.00033853248135869764	0.0004124974794606118	0.0009714583489499939
CNCP[4]	9.835638102195788e-08	0.0001014100719547173	0.01399203481618315	0.00015891630202531813	3.5068416153195504e-08	0.0002337365213134035	0.0	6.184149942328076e-05	0.03243037909269333	0.001276559014894474	0.03873448373073188	5.5071649640012766e-05	0.00017664988331852726	0.00010893233363503895
CNCP[>4 & <=8]	1.060915778872129e-07	1.3550488812521522e-05	0.0008972946541206106	0.00014822519836783953	2.3064713801090876e-08	4.5558709949489185e-05	0.0	1.8780606296786572e-08	0.08582236930727959	0.0007293420326333821	0.042451537320157516	9.715554085687472e-09	3.7412824447358164e-08	2.1484248606595814e-07
CNCP[>8]	1.9135002574444115e-07	0.0	0.0	2.8662828257530746e-07	5.639929699541302e-08	1.4901833696005785e-08	8.976429360083027e-08	2.263953988901335e-07	0.07710106037557125	1.3483221152910118e-08	2.1757644727671277e-07	8.283167069578212e-08	3.6607298170565626e-09	1.6424505737688833e-08
OsCN[0]	0.04525505986995995	0.05365685597062111	0.09524632001295685	0.0008341971039772033	0.0017957378330356732	0.019868361247936263	0.0038343428968801176	0.008177071102545645	0.17987109050154687	0.01208991423127835	0.004443141312120604	0.02716021740110591	0.08168733187252655	0.053007329887139625
OsCN[1]	0.0003329461210819318	0.028038091878406703	0.03302305407822132	0.050573271210305394	0.005747767087018474	0.017681523992214353	0.0004125312343239784	0.019023121194913985	0.025773841366171838	0.04735637318110093	0.09610782872885465	0.021249605226912535	0.016084041721769977	0.00696832329612908
OsCN[2]	5.721460705210291e-10	0.011692918478511274	0.007438909208867699	0.00041612543609517163	0.004268769468180836	0.005854045958258212	0.002903477180307732	0.0074122178927063945	0.004094548549037427	0.0022953907515175587	0.0001786856175021967	0.004554680038248534	0.007796690719042516	0.006781984656117857
OsCN[3]	1.5687088961158225e-10	0.003711952185840346	0.0026186107847024688	0.008006922081644987	0.00011772645637392998	0.007617143709212542	0.0033468214713502707	0.008410904030288293	3.711218463649857e-05	0.012370171870355336	0.004928023897809908	0.002026443230821568	0.0020305548086890514	0.0014066725620673292
OsCN[4]	2.2327862672644195e-08	0.002322263871319592	0.0011711529242893449	7.610535132698715e-05	0.0002702960736496607	0.003512629945014112	0.0028257705678697677	0.002111032266257098	4.203895392974451e-47	0.00030550144417134105	1.383328519295901e-05	0.0007529995901705888	0.0007391328117253693	0.0013010260013470542
OsCN[>4 & <=10]	1.3260206687681908e-08	0.0009685337331757182	0.0004035827065879971	0.00026708191447276874	0.0	0.010261049596640532	0.008613526211120189	0.006623162348114419	0.0	0.004259877842893331	0.00013998811147757805	0.0007023650477910337	0.0002505578844770184	0.0004650900957877013
OsCN[>10]	4.634508378842384e-08	5.711527038316788e-06	1.5469913527965672e-09	0.0	2.550706645898515e-10	0.001770331056404899	0.0024555442400742322	0.0011621787252948134	2.8957861442080458e-09	1.9857689390407885e-05	3.796905811981333e-10	6.006109559685058e-05	0.0	1.8309244473098118e-05
SS[<=2]	7.721929311088616e-08	7.032446575349098e-18	0.0010214069388894131	6.608874000022524e-06	1.62613654386945e-05	0.00017712985292945405	1.2162940561211144e-06	0.002882439528940779	0.001402421365492046	0.0001262184491724838	0.0027458282391307877	0.0002746513025010699	0.0007680109533237101	0.0002582364480031174
SS[>2 & <=3]	8.98233104473789e-08	0.0	0.000190412892574743	1.4049531538162796e-08	2.173273788321359e-43	0.0004526248399579913	5.243313987435272e-09	0.013740967873508935	0.003054521363519598	0.0008788749309951883	0.031823423466938436	0.00012609924604717549	0.0006280061883475696	0.0003119326558525426
SS[>3 & <=4]	3.851575049007572e-08	2.4335690795851862e-09	0.0003633164415077772	5.5096023716032504e-05	1.5003715247985382e-09	0.003022711952258561	0.00013825764140339202	0.077185974223612	0.0023655678461616068	0.004125910278190901	0.12376893354874483	0.0007215231289433532	0.001061902438327454	0.0035713655098064123
SS[>4 & <=5]	2.586606817622794e-11	0.0	0.0018363803360261955	0.004128810012715618	0.0	0.038207990005612376	0.015882685507622413	0.1926647057197988	0.05152187055908144	0.04770114776678383	0.026204054054255722	0.014980332874441973	0.02825935515856365	0.028817155177239328
SS[>5 & <=6]	1.9707591114581648e-11	0.0002894316013391177	0.08660421645279498	0.0005215645558200776	0.0	0.12280433051288128	0.08803965121507645	0.036932963870931416	0.09361408546566963	0.03220746804960072	0.0009928580932319164	0.019767928045372023	0.060488481916836465	0.055357322670985136
SS[>6 & <=7]	0.0	0.18491207204759122	0.06048448429326527	0.0023713436629623176	0.001337924327235669	0.0601063466258347	0.06491800481453538	0.00418162053714942	0.02832842289004475	0.05725892724469304	0.04172929899767041	0.024190703913789666	0.01855089194760694	0.02419562784489244
SS[>7 & <=8]	0.016203580806031823	0.07570065980777145	0.0047757386433704505	0.131062049260363	0.1015793478890555	0.009731452615740287	0.011212285340690187	0.009489795093908997	0.0006348342847339713	0.04008767961000558	0.03974196586874314	0.02608960371464743	0.016578946398805767	0.017491697352961636
SS[>8]	0.03594099998474121	0.0	4.374051276734292e-10	0.0005345214323345715	0.008052397728637289	9.799337929994323e-09	1.401298464324817e-47	6.674527766037386e-09	1.1345498762693752e-09	1.7747135316881214e-10	0.0	8.813928160655848e-09	4.558797002118809e-08	0.0
NC50[<=2]	0.0012502158642746508	3.649926472171217e-11	1.911495201056823e-07	2.874679545961101e-07	2.829132705883808e-10	6.337195102790184e-08	2.01481073824894e-09	2.7829135064916244e-06	7.525936822130319e-05	7.575840754725504e-10	1.4482664845161253e-10	1.1018439462517904e-06	3.951257545651288e-06	7.324049672874367e-07
NC50[3]	0.0005819273344241083	0.0	7.477107368769609e-07	0.0	0.00023029567149933426	1.5971466829078906e-06	4.865474035134376e-05	1.1000809220229613e-05	9.198828083579968e-05	6.888591770026764e-07	0.0	3.1163845051276364e-06	7.597643292172052e-06	2.6801012160646564e-05
NC50[4]	0.000163925947399548	0.0	6.095378103054827e-07	0.00019251728285325952	0.0009555228480166988	4.4979354242968837e-07	0.0001611186285616384	1.9607619328938052e-05	1.5202126789413129e-05	3.910987288691103e-07	1.5999758034013212e-06	9.690027497981646e-06	2.7120813062442295e-05	0.0002950281601329152
NC50[5]	2.3907875855861958e-05	1.1522357672366646e-06	1.3497031160867313e-05	0.0005849996930919587	0.0008213320770300925	2.5274780365958092e-06	8.05920397084492e-11	7.238368301756282e-06	1.7423376416303427e-07	2.055470529437775e-05	2.7965876387203716e-07	7.549600597975825e-06	7.30343801738087e-07	2.0306474650677586e-06
NC50[6]	4.002289707472073e-06	0.00018285412338485684	1.2031054724475076e-05	0.0006161412267829292	0.00042355157587735447	1.3308451961197009e-05	2.3462316534050843e-11	0.0	0.0	7.388604512307494e-05	0.00012504405538038554	0.0002651430242704578	1.377132284687832e-06	4.537144139007409e-06
NC50[7]	9.10680593975144e-06	0.0003800415802106727	4.454864877629916e-06	3.6410756519922315e-05	0.00010254577659686959	3.3218764845059926e-05	3.6142181336629163e-09	1.6626826138121943e-10	0.0	0.0001729783233695059	0.0002229343860017252	0.00019039004866499453	2.802596928649634e-47	3.6984097096137702e-06
NC50[>7]	2.526536271034274e-05	6.401357419690613e-05	1.152825945816005e-11	2.2369284267326205e-06	2.021647266346349e-05	4.567377752013324e-06	2.8024434341578084e-06	7.203302843095116e-11	7.605318042003262e-12	5.698360708275896e-05	8.229794521383838e-05	3.725174206348214e-05	1.4414650845564481e-05	7.358253650835422e-10
BoChr[1]	3.269768050161992e-06	0.013849494130851596	0.015611923566401913	0.004899350495528836	0.0038530223082337755	0.010501382833851238	0.0007962310445420793	0.023742777971790224	0.004624175863808236	0.0014627473691889747	0.019882263372910814	0.10318337644450366	0.02840415884555398	0.00978004546489018
BoChr[2]	4.2233351183798005e-05	0.0209093143325299	0.018889338150038383	0.007836689507239498	8.99247769625644e-05	0.0068643440943560565	0.0035262767219956005	0.007278340241390993	2.1056462719570846e-06	0.003462651317918244	0.003592951928731054	0.014845247639896116	0.002364060073159635	0.0006569507910171524
BoChr[3]	0.00010535653071987561	0.010236221782397479	0.024734147059207318	0.007851676930877148	0.000664000532720771	0.006372226501996557	0.009151343948069553	0.01777790321356008	7.468488547601737e-05	0.006355003571495185	0.004076311385251824	0.010938569369981223	0.0037684818097620527	0.001933315210044384
BoChr[4]	1.317768736686098e-08	0.009370160283547193	0.005046116329987065	0.0009239995692871617	0.002171391100667961	0.00137566959252581	0.004862827191599254	0.023423890135489955	0.002161144312703982	0.006419514628360048	0.007392287707073848	0.020264713170618148	0.0012512683868408203	0.02224079314270057
BoChr[5]	5.883126237238301e-07	0.00897032167937141	0.001680405108759563	0.0005783699252424413	0.003343940982404092	0.004221219530154485	0.0019707705114009144	0.0552848961786367	0.008227826898971634	0.0066981992860905845	0.0025010020435792058	0.022554935733933235	8.266470395028591e-05	0.004475203675683588
BoChr[6]	8.530566013627006e-06	0.006853262361244859	0.011546853575277675	0.004576626511493202	0.0023718896821070955	0.011122593665841904	0.0057276380488262115	0.0075796942269397505	0.0026288630795625067	0.006198484324800557	0.006234646977486023	0.0622325862602986	0.01511633915643202	0.01793084410456231
BoChr[7]	0.00010052575858832013	0.007626971870921864	0.010641893746530205	0.002191329584232733	0.0033357878536763507	0.003968321959399219	0.0011362613901548001	0.04422928543010823	0.0005296650950666049	0.0038813198214179456	0.004760200904693619	0.030429015562986023	0.01134006094565848	0.010314731110120191
BoChr[8]	1.9216359184781595e-07	0.008208287824658003	0.002398314005580978	0.0003948163890150802	0.0008447257170806566	0.0013120599845168046	0.000768729122624241	0.0014440261084825417	0.0014648538975561393	0.0010174463732416795	0.005302804010869852	0.00018615581521965477	8.084042017888189e-08	0.30566593796014785
BoChr[9]	9.262170637303058e-07	0.0009179544051325217	0.009503866944578476	0.0033959318271035953	0.007579161828252836	0.008211501651169328	0.006401988784473076	0.002398101867283913	0.00036264289845899355	0.008780395811772906	0.008083250532508827	0.01909863210581534	0.008908340048510582	0.00010443819919601083
BoChr[10]	2.438449852635749e-05	0.014590698928805068	0.008451481168740428	0.002243113821603835	0.0007667666211680243	0.0022716330162074884	0.0062938098524391965	0.00012508678366430104	0.0	0.0055207216611597686	0.005500061917072969	0.01144695727241924	1.401298464324817e-47	0.018744409499790348
BoChr[11]	9.57247567010544e-07	0.00569634260843372	0.002783766533462071	0.0016630797668765267	0.0008247879486201626	0.0053179952996608645	0.0006499560567800344	0.03191364016245046	0.007654404983475928	0.00597419942473465	0.005721433948489221	0.02275846260756566	0.10761476663855493	0.03474116866430904
BoChr[12]	4.773039790517686e-08	0.006178011319697134	0.00012472629268401648	0.0009658939020875579	0.0035855674267120463	0.009401721996789262	0.0018019254800024952	0.022560325836002447	0.04821705556474626	0.01055056955320083	0.00012937690364196895	0.01624457929414348	0.005880702885608571	0.007187675349414348
BoChr[13]	1.1811321553707454e-05	0.0024875104786042357	0.004752694112264493	0.0010140246305309119	0.004197068919800984	0.004108502666640561	0.006544780536496546	0.00035869266157646963	1.5592240197292993e-05	0.001571650367022812	0.006522572168905754	0.012951118829660118	6.820346461609006e-05	0.0005995379074010998
BoChr[14]	0.00027930480914747593	0.00671887153876014	0.007527434600087872	0.001997135729397996	0.0037894307551323437	0.005215204275737051	0.0010935030871769412	0.0010498814881430008	0.0020755509784794414	0.0035482611946645193	0.004790828671102645	0.002636677114351187	0.004863373733343179	7.137625289033167e-05
BoChr[15]	3.5420546697362276e-08	0.004585437763016671	0.00568427468650043	0.0014919592838811013	0.0028070852061147277	0.0038613544087274933	0.0009571221089587123	0.0010896658201208708	0.0008427253529953305	0.0021789261285234712	0.009430446766200475	0.002847694589289347	0.0054191202390938996	6.545406766235829e-05
BoChr[16]	1.8706544195712383e-06	0.005089261707034894	0.004969234008858097	0.0043617774119775275	0.0052577872789697725	0.0055869350502325684	9.572739616387188e-05	0.0004359154645535224	0.0008489877972897375	0.005977915754774585	0.0040353724182932635	0.006209831748856231	0.010161698038573377	0.0003505376998538961
BoChr[17]	6.743771293047373e-06	0.00025233810602845355	8.47830911516212e-05	3.3276399016029186e-05	0.0012171290061174832	0.0014277711002654314	3.5892632584220155e-05	0.0002890091552307261	0.002134981397164111	0.0028023487411096503	0.005846483182888207	0.006988183434541408	0.1643939413475593	0.033663324252303325
BoChr[18]	6.396931325841626e-07	0.0009622044581598743	0.010720477472876553	0.002738794758915901	0.0052953548248672174	0.00532574451011584	0.004401932519284166	0.0032301585545997115	0.0009534453489542471	0.0024070572923885593	0.003829555488836149	0.013117802774255267	0.0013959368807263672	0.0009815730289847125
BoChr[19]	4.577568033514723e-08	0.00032865105954272167	0.011793787138740299	0.000369996176449412	0.003552297946358678	0.005941187584717147	8.053662620430835e-05	0.004629739585764803	0.00160344259425373	0.0003814445416793433	0.001856251998683902	0.016793895217945762	0.045014691593411274	0.0019663241871728586
BoChr[20]	1.5101641244186225e-08	0.004496530943836774	0.007172905110637657	0.001242304774488474	0.002149184024941064	0.006276694546628008	5.718954003608889e-05	0.0003843384232568781	0.002881295077415622	0.00010283162049582968	0.0016494885699648875	0.010339029027521747	0.03716119481334587	0.00137064949904925
BoChr[21]	8.327248229321071e-05	0.0016217679841793143	0.00435490344025311	9.045667015016079e-05	0.0036548078659325257	0.0005724997147263008	0.0037940385041292757	0.0050753187428927045	0.0017096259866957553	0.0003943592571651727	0.003033562656783033	0.006507012900983682	0.0003530823247274384	0.0006574794463813305
BoChr[22]	0.00019268658906980817	0.00046768279040406926	0.004630671237246134	0.0012376379758643453	0.0030124811074347295	0.00348013459402652	0.0019922588476294846	0.0005531312030507252	0.00011647862200334203	0.001385434962267027	0.0015957333522237604	0.006120767600805266	0.014776981180912117	0.0001824395841686055
BoChr[23]	0.001219608266699197	0.0075133704452309755	0.0022729747226549082	0.00010228851693682373	7.321484350541141e-05	0.0014237507493817247	0.007026019606273621	0.011750621917890385	0.003374354635088821	0.0002715629890735727	0.01921415647491813	0.009710019355843542	0.0	0.0011269083747195167
