MutationType	SBS80A	SBS80B	SBS80C	SBS80D	SBS80E	SBS80F	SBS80G	SBS80H
BP10MB[0]	0.70092544	0.49199530	0.00109294	0.02143271	0.04714087	0.01213415	0.16971255	0.02253854
BP10MB[1]	0.00064395	0.05918526	0.00365601	0.03682812	0.00420736	0.00012191	0.00000000	0.00213057
BP10MB[2]	0.00000347	0.03948948	0.00174129	0.04150003	0.01732384	0.00601572	0.06917287	0.00000000
BP10MB[3]	0.00000001	0.00103024	0.00608969	0.01966071	0.00684049	0.00023703	0.00129722	0.00066456
BP10MB[4]	0.00000000	0.00000000	0.00294172	0.01378563	0.00567711	0.00672200	0.01065213	0.00000000
BP10MB[5]	0.00000002	0.00000000	0.00323064	0.00547158	0.00231653	0.00127801	0.00013756	0.00110310
BP10MB[>5]	0.00000000	0.00000000	0.00687498	0.00055885	0.00400708	0.02096115	0.00008411	0.01242281
BPArm[0]	0.09957275	0.02081869	0.00036672	0.00105389	0.00244759	0.00030923	0.00693532	0.00100155
BPArm[1]	0.00187950	0.01239397	0.00000239	0.00001594	0.00003196	0.00000758	0.00000715	0.00034692
BPArm[2]	0.00237385	0.02249813	0.00000000	0.00000000	0.00105684	0.00000000	0.00477287	0.00000098
BPArm[3]	0.00000007	0.00814376	0.00001198	0.00073706	0.00007864	0.00000155	0.00086853	0.00005973
BPArm[4]	0.00000004	0.00868526	0.00000213	0.00019657	0.00175245	0.00000811	0.00679673	0.00000554
BPArm[5]	0.00000003	0.00366451	0.00008719	0.00241787	0.00015875	0.00000613	0.00098793	0.00002368
BPArm[6]	0.00000001	0.00311931	0.00009699	0.00136621	0.00138405	0.00008639	0.00505823	0.00001187
BPArm[7]	0.00000003	0.00161148	0.00017494	0.00274558	0.00019963	0.00002841	0.00079068	0.00009195
BPArm[8]	0.00000001	0.00075583	0.00032857	0.00189112	0.00141779	0.00006193	0.00306871	0.00000000
BPArm[9]	0.00000002	0.00029396	0.00045565	0.00201194	0.00048013	0.00006186	0.00077911	0.00003505
BPArm[10]	0.00000002	0.00010712	0.00020925	0.00194650	0.00089352	0.00015204	0.00194653	0.00000222
BPArm[>10 & <=20]	0.00000000	0.00000000	0.00196917	0.01002280	0.00216460	0.00197675	0.00356714	0.00026336
BPArm[>20 & <=30]	0.00000003	0.00000000	0.00133122	0.00140762	0.00026763	0.00199308	0.00008403	0.00050912
BPArm[>30]	0.00000008	0.00000000	0.00013333	0.00001824	0.00003451	0.00333631	0.00000000	0.00224641
CN[0]	0.00000217	0.00000977	0.00000909	0.00149009	0.00700992	0.00000000	0.03736776	0.00000001
CN[1]	0.00415145	0.00036497	0.00000000	0.00288180	0.14516270	0.00062441	0.02775446	0.00018708
CN[2]	0.04390253	0.01148119	0.00020742	0.02868618	0.17113104	0.06036732	0.08358147	0.00026101
CN[3]	0.00002540	0.03401914	0.00585364	0.10541638	0.00013492	0.10669388	0.00293388	0.00239710
CN[4]	0.00000000	0.00664029	0.11652803	0.01730975	0.00000000	0.02443959	0.00867718	0.00854143
CN[>4 & <=8]	0.00000000	0.00000000	0.13979325	0.00471611	0.00000000	0.00218602	0.01117217	0.06774896
CN[>8]	0.00000012	0.00000016	0.00000101	0.00000003	0.00000000	0.00000012	0.00000000	0.12312823
CNCP[0]	0.04251943	0.00000000	0.00000000	0.00003072	0.00000000	0.00000000	0.00036846	0.00000000
CNCP[1]	0.00000000	0.05063173	0.00981596	0.16778531	0.21507453	0.27501614	0.00601272	0.00076855
CNCP[2]	0.00000000	0.00170048	0.13133429	0.00368335	0.01325911	0.00295265	0.10195540	0.01648931
CNCP[3]	0.00000001	0.00000000	0.02777785	0.00710148	0.00000003	0.00004256	0.02964774	0.03214533
CNCP[4]	0.00000007	0.00000000	0.00931448	0.00254644	0.00000000	0.00000008	0.01261839	0.03220626
CNCP[>4 & <=8]	0.00000004	0.00000000	0.00003143	0.00277375	0.00000000	0.00000000	0.01184753	0.07375636
CNCP[>8]	0.00000018	0.00000015	0.00000000	0.00000007	0.00000014	0.00000000	0.00000002	0.05512574
OsCN[0]	0.04613636	0.00000000	0.08337687	0.03917167	0.01443345	0.00287585	0.00000238	0.15283217
OsCN[1]	0.00065222	0.02304798	0.02698366	0.03464310	0.00796653	0.02167850	0.07481837	0.02811475
OsCN[2]	0.00000001	0.00270559	0.00844535	0.00807354	0.00446124	0.00560261	0.00001334	0.00458513
OsCN[3]	0.00000000	0.00134132	0.00344683	0.00358532	0.00703870	0.00920630	0.00963063	0.00006865
OsCN[4]	0.00000003	0.00007093	0.00125007	0.00208777	0.00248646	0.00339243	0.00000000	0.00000085
OsCN[>4 & <=10]	0.00000002	0.00000000	0.00046306	0.00167174	0.00775731	0.01037583	0.00097557	0.00000000
OsCN[>10]	0.00000005	0.00000000	0.00000517	0.00001069	0.00187095	0.00184951	0.00000001	0.00000000
SS[<=2]	0.00000009	0.00001837	0.00064208	0.00020360	0.00001559	0.00139979	0.00084450	0.00193119
SS[>2 & <=3]	0.00000007	0.00000000	0.00014289	0.00217447	0.00001935	0.00457452	0.01184145	0.00770545
SS[>3 & <=4]	0.00000000	0.00000000	0.00054575	0.00893670	0.00038717	0.02773173	0.05089892	0.01763605
SS[>4 & <=5]	0.00000000	0.00023452	0.00241192	0.00135308	0.02335721	0.10585576	0.03576473	0.05531614
SS[>5 & <=6]	0.00000106	0.00000000	0.08227995	0.00444039	0.08050734	0.10934638	0.00168694	0.07552141
SS[>6 & <=7]	0.00000000	0.00008374	0.07671006	0.14941535	0.07252173	0.00700982	0.02110409	0.02535018
SS[>7 & <=8]	0.01699406	0.11691766	0.00776328	0.05802270	0.02723109	0.00703832	0.07528448	0.00162688
SS[>8]	0.03500722	0.00391144	0.00000000	0.00000000	0.00000000	0.00000000	0.00000000	0.00000000
NC50[<=2]	0.00119523	0.00000000	0.00000000	0.00000000	0.00000000	0.00000119	0.00000000	0.00005173
NC50[3]	0.00059647	0.00006648	0.00000254	0.00000192	0.00002241	0.00000902	0.00000000	0.00008710
NC50[4]	0.00018332	0.00065487	0.00000397	0.00000500	0.00011718	0.00000311	0.00000254	0.00004014
NC50[5]	0.00003029	0.00079627	0.00000586	0.00000000	0.00000332	0.00001131	0.00011033	0.00000032
NC50[6]	0.00000447	0.00053984	0.00001123	0.00018475	0.00000056	0.00000230	0.00036275	0.00000000
NC50[7]	0.00001343	0.00007514	0.00002091	0.00035969	0.00000891	0.00000508	0.00021632	0.00000000
NC50[>7]	0.00003056	0.00000305	0.00000206	0.00007604	0.00000486	0.00000043	0.00005999	0.00000000
BoChr[1]	0.00003718	0.00816939	0.01107317	0.01656615	0.00075393	0.02820059	0.01105090	0.01329370
BoChr[2]	0.00014234	0.00077939	0.01697647	0.01990233	0.00601786	0.00716153	0.00642031	0.00000000
BoChr[3]	0.00017625	0.00089289	0.02653362	0.00509252	0.01156479	0.00567846	0.00597338	0.00018590
BoChr[4]	0.00000001	0.00217748	0.01035042	0.00723745	0.00612648	0.00673159	0.00668163	0.00522432
BoChr[5]	0.00000957	0.00514931	0.00261518	0.00495562	0.00152653	0.02377485	0.00635611	0.01088796
BoChr[6]	0.00006569	0.00040677	0.02540731	0.01021071	0.01180463	0.00084750	0.00411033	0.00364511
BoChr[7]	0.00021332	0.00557727	0.00971381	0.00570922	0.00035952	0.02253561	0.00724294	0.00260434
BoChr[8]	0.00001417	0.00323195	0.01118644	0.03212415	0.00698292	0.00016221	0.00229555	0.02098244
BoChr[9]	0.00005179	0.00417110	0.01501751	0.00080343	0.00774590	0.00226479	0.00498414	0.00076600
BoChr[10]	0.00004591	0.00105944	0.01037875	0.01474224	0.00610528	0.00014578	0.00470699	0.00000043
BoChr[11]	0.00000186	0.00200693	0.01006492	0.00444048	0.00727655	0.00920991	0.00676829	0.02559522
BoChr[12]	0.00000002	0.00436906	0.00041559	0.00611879	0.00192862	0.01466002	0.00361900	0.03949655
BoChr[13]	0.00008021	0.00363776	0.00554406	0.00622507	0.00342218	0.00209182	0.00265509	0.00001068
BoChr[14]	0.00036719	0.00238828	0.00824893	0.00725449	0.00286817	0.00058629	0.00200874	0.00220480
BoChr[15]	0.00000010	0.00169648	0.00669509	0.00594961	0.00169871	0.00084233	0.00281655	0.00176093
BoChr[16]	0.00000108	0.00545994	0.00630661	0.00565432	0.00134895	0.00301785	0.00487231	0.00148086
BoChr[17]	0.00020171	0.00514612	0.00762123	0.00513848	0.00433402	0.00545920	0.00266560	0.02488015
BoChr[18]	0.00000621	0.00238386	0.01329686	0.00066098	0.00552198	0.00024020	0.00060634	0.00190799
BoChr[19]	0.00000004	0.00486648	0.01291831	0.00041335	0.00000670	0.00950227	0.00068272	0.00373023
BoChr[20]	0.00000003	0.00390665	0.00856312	0.00599756	0.00033209	0.00389875	0.00053305	0.00627995
BoChr[21]	0.00021238	0.00158419	0.00522490	0.00127712	0.00307890	0.00111531	0.00083079	0.00235550
BoChr[22]	0.00027358	0.00175862	0.00766372	0.00029800	0.00307520	0.00066270	0.00064215	0.00040986
BoChr[23]	0.00125377	0.00007329	0.00220724	0.00932001	0.00425495	0.00541857	0.00720317	0.00521563
