MutationType	SBS80A	SBS80B	SBS80C	SBS80D	SBS80E	SBS80F	SBS80G	SBS80H	SBS80I	SBS80J
BP10MB[0]	0.7039713585376739	0.5119937846064567	0.017975122949716208	0.0013438339624320297	0.02798714536226317	0.007618881196059554	0.156233039367944	0.018631871052566303	0.13212685519478776	0.0847784466786834
BP10MB[1]	0.00024337072266576384	0.06773103871848435	0.043655415163375434	0.0017863203003798845	0.004482629107951652	0.0	0.0006377454366884195	0.00238161285960814	0.0049178379662726006	0.004783304051670712
BP10MB[2]	0.0	0.03197525798575953	0.04193755082786083	0.0012835316144355602	0.007470268898832728	0.004964324940810911	0.07061713184815886	0.0	0.03691331247158814	0.010647649246979174
BP10MB[3]	5.971254403956683e-09	0.001209277718444355	0.023228828981518745	0.0050952671730192375	0.006471959832124412	0.0003599278909678105	0.0019783803981127334	0.0008868841203366173	0.001946997005958906	0.0015066652639058138
BP10MB[4]	0.0	1.804845524020493e-05	0.01447968621738255	0.0022160553743015045	0.004170239876839332	0.006573778331876383	0.012217380513902754	1.0819057933986187e-05	0.004806653719861061	0.0025825326275707994
BP10MB[5]	1.5457550031072743e-08	0.0	0.0061608524713665245	0.0028417155594797805	0.002202742401859723	0.0015198447218062938	0.00021102097806698417	0.0011458640175987967	0.0006823762322717472	0.0021279597472999966
BP10MB[>5]	1.2418142787684605e-09	0.0	0.0001413377615972422	0.0069278970867952695	0.003959827907920044	0.020885231820866466	0.00023906722234222854	0.012492564013227821	0.0017882035823328123	0.010864345609475095
BPArm[0]	0.10063185356557369	0.02247081408277154	0.0010329912637881754	0.000375620869690532	0.0017062868449647794	0.0003157827528867055	0.006629090846981853	0.0009204721678731327	0.005212657157145124	0.002840316252243168
BPArm[1]	0.0015895324433222414	0.015147691508755088	2.0621946367200826e-05	1.9817670076605066e-06	9.706014714403466e-06	1.392104945097117e-07	5.8566176460317364e-06	0.0002455754444635172	0.00026613500151142946	0.0005594288886086929
BPArm[2]	0.002125518562970683	0.02238153544254601	0.0	1.698345630796183e-11	0.0005164135821566873	5.3436486346924996e-11	0.004477138994127275	6.821269125105722e-06	0.00440771403897088	0.0019528113984627192
BPArm[3]	4.2415068346457474e-08	0.009019626613007859	0.0009154933376642482	3.0996905115898697e-06	1.536179105924518e-05	2.1970248599245678e-06	0.0008124704899222479	3.5935885970577177e-05	0.0008429121402713324	0.0004883678669369829
BPArm[4]	1.489509031227243e-08	0.00799288134323433	0.00011969272273745446	3.125569855910726e-06	0.0009294926745678822	2.022884936252467e-05	0.006575815797322093	5.6542771950669947e-05	0.0034774228954008637	0.0011724735080402126
BPArm[5]	2.472009547616061e-08	0.0037442557304166258	0.002822750413324684	1.0568957804935053e-07	4.341761519312204e-05	1.4453873154707252e-06	0.001045425080738056	2.261771251966582e-05	0.0007182514104947302	0.0004054222615389794
BPArm[6]	2.8020185299793e-09	0.0025684300319699107	0.001275252835257561	6.518951168800414e-05	0.0008036515972025881	9.688148651560316e-05	0.0050308042381921325	2.1425336784437475e-05	0.002757293151807971	0.0007277780372637466
BPArm[7]	2.8190630887436897e-08	0.001324525917880237	0.0031813493906520307	0.00011463195682779315	0.00012755426507021832	2.566857772762887e-05	0.0008576052801757328	8.831567043663016e-05	0.000674871555941282	0.00041447628639133425
BPArm[8]	1.51123288505417e-08	0.0004503882036829765	0.00200444430927746	0.00025486170399371846	0.0010851882056476824	9.823324148783286e-05	0.003143776356233445	0.0	0.001557893205572327	0.000443130452713838
BPArm[9]	2.1831249332748825e-08	0.0001780515894279233	0.0022910435684025286	0.0003380944362288574	0.00036715088041091806	6.180705287988531e-05	0.0008828583388654465	2.1953695952561248e-05	0.0006202115481573855	0.0003229354157400621
BPArm[10]	2.1584824159148754e-08	5.9273911438140205e-05	0.0019698347465600817	7.434945871933606e-05	0.0006237281928360972	0.00015144047337116716	0.0020616792533743934	1.359863490506541e-06	0.0010748978896231165	0.00040132418680045986
BPArm[>10 & <=20]	1.4363066136446889e-09	0.0	0.011064512124285102	0.0012558964216600544	0.0015910600341364975	0.002022098929155618	0.004010559890884906	0.00020564191665187081	0.002534770484053297	0.0015018719534974486
BPArm[>20 & <=30]	2.6552169511973034e-08	0.0	0.0015714424767065793	0.0012032971658481983	0.00017210620697611035	0.002028311607427895	0.0001171061211732649	0.0005740233315373189	0.00022617054411398598	0.0009387035598791727
BPArm[>30]	6.57555022698375e-08	0.0	0.0	0.00022535999445175037	4.887004816391816e-06	0.00325211884352143	4.83252719277516e-06	0.002474082986591384	0.0001620111573598315	0.0007350755109706597
CN[0]	6.635850888514483e-07	5.797338073776359e-07	5.369237252736525e-05	1.7646950709604425e-08	0.005047130671552722	0.0	0.04772030386156985	4.997364806516783e-05	0.0028449442254851274	4.509770525487511e-05
CN[1]	0.0034419812401756643	0.00020563741525336354	0.0006302580187912099	3.434671903960407e-05	0.18144658654928209	0.0006913204831653275	0.023337822707837238	0.00011800035135820509	0.016556130687531555	0.0011771835223815862
CN[2]	0.04170581161975861	0.007087464904780063	0.0285547335119918	0.0002825486473739147	0.1841175129264593	0.06066916684620082	0.11413371719419957	0.001273434501513293	0.017831488585234184	0.027909256221901164
CN[3]	2.6775982697751586e-05	0.031120766578242184	0.10332131709903479	0.00025919594394509097	0.0	0.10050013581290841	0.0018926379175147978	0.0008125583933352231	0.03427558407607648	0.0623594299540855
CN[4]	4.387391394633511e-11	0.005976794392500437	0.014801601010790932	0.12762504134327174	0.0	0.022213110739830882	0.004789207472691909	0.004072286062542058	0.03320373367751017	0.034352760355668005
CN[>4 & <=8]	2.1582589315727317e-09	0.0	0.0006613674987484331	0.15987156227929517	0.0	0.0006344056692115175	0.0051787371361280065	0.06791190937161445	0.03928570982104802	0.008668767344243093
CN[>8]	1.2675400832051764e-07	7.983038847748898e-08	2.2120091476445225e-05	5.5069162376639726e-05	1.196970522698848e-10	9.34076983283294e-08	2.4348643312439536e-09	0.14470746085047723	1.7085293532032946e-05	0.00035728575302309553
CNCP[0]	0.04328623212873936	0.0	9.889992709233297e-09	1.401298464324817e-47	0.0	0.0	0.000428804074477398	0.0	5.948238914655235e-05	2.9989347360981354e-09
CNCP[1]	0.0	0.04284324997104704	0.174668983258307	0.0011878625713912785	0.24207209318876266	0.27422052577137945	0.0008158913914702248	7.006492321624086e-47	0.05714957112510561	0.11274508311413228
CNCP[2]	7.439963953803641e-09	0.0012471355061531395	0.00040012476849925183	0.142846576012671	0.004805921835185245	0.0026472712340755377	0.12905819453299044	0.012120050941593945	0.021817043816240583	0.04289056191093436
CNCP[3]	8.180579409468313e-09	0.0	0.0033433298894834707	0.02981649000197649	2.3858509905494428e-08	2.802596928649634e-47	0.019892484851480957	0.030249793194234372	0.041604991839640205	0.003884908967889018
CNCP[4]	8.466380697846887e-08	5.970560144806119e-09	0.0003089680597986444	0.010576733211055398	0.0	0.0	0.008326251331789934	0.03248077314347029	0.019426017130743958	0.0018006348735203064
CNCP[>4 & <=8]	8.066775810000592e-08	2.6647540174451477e-09	0.0003213102644052271	9.513229808415069e-05	0.0	0.0	0.008089812934912172	0.07953499119728803	0.02019740540855004	0.0015737794872701728
CNCP[>8]	3.287347735181356e-07	1.1363503905847949e-07	0.0	0.0	1.2820239878585937e-07	7.524104397305109e-09	4.890476208330163e-08	0.06503659579902887	4.354819559753006e-06	3.462703134005096e-08
OsCN[0]	0.045715909590944646	0.0003327025379987175	0.04434553306084126	0.08280615374445915	0.009873164891032502	0.004327803126734062	0.005455406382679939	0.16633352592587472	0.009915376087010373	0.06286502883478534
OsCN[1]	0.0005482832010238781	0.01920963468262926	0.02997214094735682	0.028477044496685266	0.0024038584033714582	0.01862783099990338	0.06921786209568381	0.02630889253690839	0.06259718807414175	0.020788027907256038
OsCN[2]	1.4412752169512544e-09	0.003100373165216297	0.009399757354985923	0.00797872652998194	0.004116852764273062	0.005919041740708053	0.0003207323946017482	0.004603152165655047	0.002055172994732857	0.0065743141968957275
OsCN[3]	1.3223973027720605e-10	0.0007871973889996297	0.0036523884258349427	0.003348954530956689	0.00619027136825025	0.00906594640109688	0.010410771360150405	3.082850373175461e-05	0.005215214774277008	0.0038245316516261974
OsCN[4]	2.7821672521355367e-08	0.0001396478517426658	0.0022952242649625985	0.0011040704402694246	0.002641972447745502	0.0034286723530385643	4.258219501934946e-05	1.401298464324817e-47	0.0004036772825929802	0.0015422574918343911
OsCN[>4 & <=10]	1.69427791218979e-08	6.81732740858095e-21	0.0016545822362968466	0.00026982269703551597	0.008367419908754527	0.010772509989328683	0.0013570227700765258	0.0	0.0010221027236548253	0.0021417689032032163
OsCN[>10]	5.087189320462926e-08	4.654115326463426e-10	7.3307528014598946e-09	1.6837021332705148e-09	0.0021611879556439817	0.0020238819316000444	1.2973658565884616e-06	2.8134144114400074e-09	4.714161366371254e-05	0.00020825157855268727
SS[<=2]	7.916927234674631e-08	1.7411466448891132e-05	0.0	0.0007168337746406905	1.3308039971100526e-05	0.001313367048787768	0.0005152226259111359	0.0016678834473714233	0.002275983789359089	0.0006067790639212945
SS[>2 & <=3]	8.35435240986726e-08	0.0	2.1074856631457807e-05	6.056680407205306e-05	2.8592526462034583e-08	0.0047636743076478185	0.007784665736688226	0.00520885780279059	0.01990149436245616	0.0009238005082434775
SS[>3 & <=4]	4.0328225448804653e-08	0.0	9.976572377809134e-05	0.0	0.0005700751293203155	0.029213770583462518	0.03296309222905002	0.00920350224163897	0.08226272200888615	0.004122925018810317
SS[>4 & <=5]	0.0	0.00022489825774130168	0.0	0.0008503847451356705	0.02286408727059509	0.11497582690790295	0.03197333854623139	0.05615718631073832	0.042515765409607414	0.025909445604199846
SS[>5 & <=6]	9.757124219689217e-11	6.39328824404837e-23	0.0007384859787998721	0.08118433080613613	0.08672482326626778	0.10791950286948122	0.0032415650214534255	0.07998973716050387	0.007848818404600024	0.08910659443587064
SS[>6 & <=7]	0.0	0.0001382725965231657	0.16981044605374337	0.06795561205595732	0.06968580938875675	0.011807173448178299	0.03106494844891131	0.02829808996990323	0.01893063673271268	0.03386759041419282
SS[>7 & <=8]	0.016638900972902774	0.11525990910828114	0.06340142637491226	0.005616985065165487	0.016568090459331872	0.00624602890150669	0.0760497020278126	0.0015295592358779686	0.05020944712218078	0.02132983256490661
SS[>8]	0.03541410636156797	0.00485638004587031	0.0	5.60387110049021e-10	0.0	2.26399090808016e-09	0.0	1.1602336069671536e-09	0.00011614868423886815	0.00011434161202576342
NC50[<=2]	0.0012169159075710923	1.535552643372462e-11	0.0	0.0	4.39766602911007e-09	1.4454139568709224e-06	0.0	6.001489325029752e-05	9.152008802360001e-07	7.225097490098919e-07
NC50[3]	0.0005901251512113959	0.00011476124134890853	0.0	1.1788196124484784e-06	2.9429719506871565e-05	3.655467677496915e-06	0.0	9.070880898207179e-05	3.553202418515866e-08	2.325818263922752e-05
NC50[4]	0.00017363503327942455	0.0007380422245478257	0.0	2.190987613559514e-11	0.000115344711889529	1.0013280973453221e-05	1.8529597127781017e-06	2.7356573361085877e-05	5.495157415680296e-05	0.00012036377644246699
NC50[5]	2.5495199714455906e-05	0.0008133105328306556	0.0	6.216344845597044e-06	5.169031641116817e-07	1.0045855426653038e-05	9.907685837333702e-05	2.6429875487732346e-07	0.00012132207286564168	5.740984208740585e-05
NC50[6]	4.2045658517153586e-06	0.0004931718984153121	0.0002041404963893001	9.484597779492177e-06	2.1800736771382388e-11	2.859963341315108e-06	0.0003318236076022174	0.0	0.00017697334516540762	6.492206994153093e-05
NC50[7]	1.3104430400119326e-05	7.23197773550055e-05	0.00039680357112956697	5.819075824908815e-06	0.0	4.7327422680609745e-06	0.00023143302409152965	0.0	8.823658335785467e-05	1.736247440801364e-05
NC50[>7]	3.05117599600635e-05	5.548173751890317e-06	7.653812192074838e-05	8.192468119783136e-08	5.041369439884314e-07	3.7349453717971936e-07	5.7551826033346296e-05	0.0	3.67176703295391e-05	7.22175631805877e-06
BoChr[1]	3.7992593469737824e-06	0.0047363317850977185	0.015470270756050014	0.014948615578975612	0.0022278872297437145	0.019222813720783948	0.0033759734370542027	0.011371803920389851	0.038932995225768534	0.013325382351247299
BoChr[2]	9.636544066708552e-05	0.0006402528620944747	0.022284352974966167	0.018479676111601295	0.004419927461422812	0.0070945241919253025	0.005757317110837903	0.0	0.005488203664281172	0.002592302988632582
BoChr[3]	0.00012556705124467272	0.0009363515501901168	0.006305436101974919	0.028843496735207738	0.012880773529177532	0.0058362609864707335	0.006077652049716562	2.7727786218747496e-05	0.005208772870981313	0.002190118582220748
BoChr[4]	8.419571364548517e-09	0.0028778347751358523	0.00895242160302587	0.007704987665056251	0.004795765622991187	0.01092831427712698	0.004858932188362848	0.0025140720640774816	0.014847840485163032	0.007489217028778512
BoChr[5]	2.082384285002625e-06	0.0049651018463191575	0.0069092742895009	0.001960369189546327	0.0011013528591593059	0.028301336139556953	0.006717459936917294	0.010496704128454439	0.009827734922718996	0.00342181115061976
BoChr[6]	3.470450944383252e-05	0.0012947985850041731	0.012035019784234465	0.022291292696027084	0.009446916754024842	0.0038447396773199217	0.004154325387135032	0.004387001965660602	0.005941348346332843	0.00982092731326702
BoChr[7]	0.00015247148082934815	0.005280641908757389	0.006676839673018548	0.010543001422192902	0.0005983864772133529	0.02548668441741029	0.0061812761751934885	0.0018738298538028258	0.011977213651916827	0.003299156008870341
BoChr[8]	4.8197756651990885e-06	0.0023428316489243883	0.020529677306767552	0.009118121153682069	0.0047522022962132125	0.003216303188819438	0.002002061925240213	0.010230878818630914	0.020519882624236586	0.07188160461722874
BoChr[9]	1.7435306822342068e-05	0.005078914412588347	0.000682693912240211	0.014643229367793538	0.00850697104644496	0.0030914960321388207	0.004666988735989435	0.0004687530836221132	0.005970937061938457	0.004852307665569242
BoChr[10]	3.0935609124327354e-05	0.0010548995111144888	0.015706569300964476	0.011025085046421737	0.006306584822013974	0.000389314805433969	0.005193362732534297	1.401298464324817e-47	0.0038484640781825874	0.0029843914683442586
BoChr[11]	1.7092842559351951e-06	0.002079530956864346	0.0070781083599274555	0.0040871605349802565	0.001711644972988644	0.008765958922450565	0.010389390294731128	0.022875581775151657	0.007067997067328662	0.0328146736510098
BoChr[12]	5.588209976981062e-08	0.004374163673710428	0.007122035681968555	0.00032915647025220094	0.001182359924003329	0.015194056534674018	0.005261071481945692	0.04540825060654697	0.004191682117525488	0.003864941386273131
BoChr[13]	4.3275207527777584e-05	0.00401315593306208	0.00514913922350388	0.006167189994666842	0.004350627026924485	0.0023381860139488706	0.0021995884520583787	1.5879883358197616e-05	0.00386578630132135	0.0012893654566141777
BoChr[14]	0.00035900104208849373	0.002664948886958882	0.00777385441120714	0.007759081848198548	0.0018524598344083643	0.0011303275662144685	0.002324938983656466	0.0024291428638389336	0.002093256324603745	0.003533810893422924
BoChr[15]	7.078728797793587e-08	0.0019095444996128207	0.005214219174813479	0.006403064336627722	0.0013969802492025086	0.001194834226189414	0.002267815152149172	0.0010982982938730857	0.005385181494592075	0.003998274492044999
BoChr[16]	3.9352907315048925e-07	0.0050850201677531005	0.0057652834729560705	0.005808307086117566	0.0003210953437428543	0.0027807883523200947	0.005912904017604887	0.0013838089659293474	0.00235783338810279	0.006659965504368302
BoChr[17]	6.201690519062719e-05	0.003476016813284417	0.0005486125618836012	0.0019518831324577236	0.0014073649499688904	0.002712962937612957	0.0025053271819368205	0.011353574396014175	0.005655993754573037	0.08060391701757907
BoChr[18]	4.8504571141361195e-06	0.003006240667309612	0.0006262929186311795	0.0140577243687585	0.006249430954272839	0.0008589169210976943	0.0008883599622640758	0.0015933640823641325	0.0028996614916832184	0.0017016719945240767
BoChr[19]	3.469658313881574e-08	0.004006875502905309	0.0003636134520646178	0.012632910136890132	4.6802261935496856e-05	0.00552453233644421	0.0003520563879914107	0.003086062240024603	0.005818601885854094	0.01733609704638326
BoChr[20]	2.340417854684862e-08	0.0028562646295904413	0.005458435930049746	0.007508154846727848	0.0001317774488005341	0.002691084174748042	0.0006945659842369168	0.005134090371266695	0.0027725323121120483	0.015770682636648416
BoChr[21]	0.00016501856762261014	0.002144597529550083	0.0011679305948200636	0.005684628134185914	0.0035496519297885244	0.001491464213540894	0.0005908506255946122	0.0019013599143363536	0.0029967291120556183	0.0006948070175712928
BoChr[22]	0.0002502191798703279	0.0020449826412368565	0.00029178003989727586	0.0067695494930376295	0.002783659115593764	0.0006767456875604694	0.0006482143502580584	0.00021525840527829133	0.001457289201207459	0.006706712372688344
BoChr[23]	0.0012497782608261333	8.040971522859763e-05	0.008883815086446702	0.0028302704892121254	0.005422421934199519	0.005215849125524983	0.004406927114961387	0.004032883114705328	0.013089037898462266	0.0009913111636706163
