MutationType	SBS80A	SBS80B	SBS80C	SBS80D	SBS80E	SBS80F	SBS80G	SBS80H	SBS80I	SBS80J	SBS80K	SBS80L	SBS80M	SBS80N	SBS80O
BP10MB[0]	1.95E-03	8.64E-03	4.42E-03	9.64E-04	5.16E-04	6.61E-03	1.36E-03	6.20E-04	4.44E-03	3.40E-03	5.01E-03	9.49E-04	4.07E-03	3.69E-03	3.85E-03
BP10MB[1]	7.02E-06	3.77E-04	3.15E-03	1.03E-03	1.92E-04	3.05E-03	6.90E-04	9.58E-05	3.56E-04	3.20E-04	1.65E-03	2.07E-04	4.57E-04	1.20E-03	3.41E-04
BP10MB[2]	0.00E+00	1.58E-03	1.23E-03	1.08E-03	5.73E-04	8.15E-04	3.74E-04	2.11E-05	2.37E-03	1.64E-03	1.39E-03	5.52E-04	4.44E-04	1.18E-03	1.17E-03
BP10MB[3]	4.85E-10	2.15E-04	4.87E-04	5.12E-04	2.30E-04	2.30E-04	2.89E-04	6.81E-05	2.45E-04	3.41E-04	6.64E-04	1.32E-04	3.14E-04	4.37E-04	2.09E-04
BP10MB[4]	7.74E-10	3.89E-04	7.06E-04	4.70E-04	2.45E-04	0.00E+00	2.35E-04	8.17E-07	5.26E-04	4.49E-04	5.54E-04	2.63E-04	8.43E-05	4.14E-04	2.47E-04
BP10MB[5]	1.32E-09	4.54E-05	2.77E-04	1.98E-04	1.43E-04	0.00E+00	9.03E-05	7.08E-05	1.23E-04	1.45E-04	3.20E-04	4.81E-05	1.83E-04	1.69E-04	1.71E-04
BP10MB[>5]	1.49E-09	0.00E+00	2.03E-04	8.48E-04	4.93E-04	0.00E+00	2.45E-04	2.74E-04	3.99E-04	1.68E-04	7.80E-04	9.94E-04	6.50E-04	4.74E-04	5.40E-04
BPArm[0]	2.57E-04	4.94E-04	1.25E-04	3.74E-05	3.23E-05	8.09E-04	1.21E-04	6.74E-05	2.22E-04	1.81E-04	2.28E-04	6.84E-05	1.97E-04	2.15E-04	3.11E-04
BPArm[1]	5.84E-05	5.33E-05	1.12E-04	5.59E-06	6.43E-07	3.63E-04	5.39E-06	1.14E-05	0.00E+00	2.54E-10	9.52E-05	6.85E-06	1.18E-05	1.81E-05	3.79E-06
BPArm[2]	5.92E-05	7.33E-04	4.20E-06	5.75E-11	1.67E-10	5.86E-04	2.63E-05	7.30E-06	9.05E-05	5.01E-05	6.85E-05	4.75E-07	1.05E-05	4.17E-07	4.19E-05
BPArm[3]	1.69E-09	6.74E-05	2.91E-04	5.59E-05	2.49E-11	3.07E-04	1.37E-05	3.83E-06	5.89E-05	3.56E-05	1.56E-04	8.93E-06	3.83E-05	9.67E-05	3.66E-05
BPArm[4]	1.01E-09	3.12E-04	8.53E-05	1.73E-05	6.02E-06	1.93E-04	2.66E-05	2.37E-05	2.23E-04	1.36E-04	8.60E-05	8.99E-08	6.33E-05	5.95E-05	5.29E-05
BPArm[5]	1.89E-09	1.04E-04	2.30E-04	7.17E-05	3.89E-06	2.43E-04	3.61E-05	5.59E-06	7.08E-05	5.28E-05	1.29E-04	1.69E-06	9.43E-05	1.04E-04	5.15E-05
BPArm[6]	8.44E-10	1.60E-04	6.30E-05	3.71E-05	2.76E-05	7.64E-05	3.69E-05	1.02E-05	1.75E-04	1.20E-04	9.78E-05	2.28E-05	5.86E-05	7.29E-05	6.16E-05
BPArm[7]	1.52E-09	8.38E-05	1.30E-04	7.30E-05	2.44E-05	1.23E-04	2.14E-05	8.50E-06	6.04E-05	5.62E-05	1.24E-04	2.41E-05	8.75E-05	1.16E-04	5.65E-05
BPArm[8]	8.88E-10	1.23E-04	7.03E-05	4.96E-05	3.00E-05	1.85E-05	5.55E-05	4.77E-07	1.30E-04	8.53E-05	8.22E-05	2.25E-05	3.05E-05	3.75E-05	7.15E-05
BPArm[9]	1.22E-09	4.87E-05	5.43E-05	5.58E-05	2.07E-05	3.12E-05	2.23E-05	2.75E-06	4.64E-05	4.55E-05	1.03E-04	3.35E-05	7.13E-05	6.13E-05	4.68E-05
BPArm[10]	1.07E-09	7.81E-05	5.23E-05	4.89E-05	1.59E-05	1.01E-06	3.39E-05	0.00E+00	9.44E-05	7.36E-05	5.84E-05	2.08E-05	3.76E-05	4.98E-05	3.95E-05
BPArm[>10 & <=20]	9.77E-10	1.74E-04	4.20E-04	2.92E-04	1.52E-04	0.00E+00	1.11E-04	2.18E-05	2.19E-04	2.36E-04	3.33E-04	1.13E-04	1.21E-04	2.26E-04	1.37E-04
BPArm[>20 & <=30]	1.96E-09	2.57E-05	1.22E-04	1.01E-04	7.86E-05	0.00E+00	1.73E-05	4.39E-05	5.74E-05	6.37E-05	1.39E-04	7.82E-05	7.92E-05	1.19E-04	6.22E-05
BPArm[>30]	2.16E-09	0.00E+00	6.86E-06	1.35E-04	6.28E-05	0.00E+00	5.44E-06	4.29E-05	1.70E-05	2.63E-06	9.97E-05	1.52E-04	8.00E-05	5.21E-05	4.35E-05
CN[0]	2.84E-06	4.84E-04	5.66E-05	0.00E+00	0.00E+00	1.63E-07	6.29E-04	3.14E-09	3.96E-03	1.72E-03	1.45E-03	8.27E-04	2.00E-09	0.00E+00	0.00E+00
CN[1]	9.74E-05	4.81E-04	7.59E-04	1.86E-04	0.00E+00	1.77E-04	4.18E-03	0.00E+00	2.27E-03	1.35E-03	1.86E-03	8.77E-04	4.18E-05	1.26E-04	4.89E-04
CN[2]	2.02E-03	4.21E-03	2.30E-03	3.33E-03	9.46E-08	3.68E-04	2.39E-03	4.62E-04	7.66E-03	1.91E-03	3.85E-02	2.92E-03	7.14E-04	4.70E-04	1.14E-04
CN[3]	1.31E-06	2.24E-03	3.30E-03	4.31E-03	1.82E-04	1.84E-03	0.00E+00	3.94E-04	4.97E-04	3.11E-03	5.77E-03	4.94E-03	5.43E-03	6.94E-03	4.63E-03
CN[4]	4.56E-11	1.95E-03	1.16E-03	1.54E-03	4.89E-03	8.27E-04	0.00E+00	2.94E-04	4.49E-03	2.38E-03	8.04E-03	4.54E-03	6.97E-03	1.01E-02	4.37E-03
CN[>4 & <=8]	1.94E-09	1.40E-47	6.76E-08	6.60E-13	3.29E-03	6.17E-10	0.00E+00	2.04E-03	1.38E-03	2.69E-03	3.08E-03	2.81E-03	2.26E-03	2.85E-03	1.99E-03
CN[>8]	3.68E-09	6.73E-09	1.46E-09	1.90E-09	1.98E-04	1.82E-09	9.18E-10	1.60E-03	6.80E-09	8.43E-05	1.55E-04	4.45E-05	2.42E-04	1.02E-04	1.39E-04
CNCP[0]	1.19E-04	6.69E-06	1.35E-09	0.00E+00	0.00E+00	2.25E-08	1.97E-47	0.00E+00	4.36E-05	3.58E-05	2.22E-05	6.64E-06	9.34E-11	1.36E-09	2.84E-10
CNCP[1]	0.00E+00	3.24E-03	3.99E-03	4.43E-03	3.49E-03	2.21E-03	3.97E-03	1.40E-47	5.94E-04	3.61E-03	7.24E-03	1.04E-02	5.05E-03	6.58E-03	5.23E-03
CNCP[2]	8.55E-10	4.01E-04	7.19E-04	1.08E-04	5.74E-03	6.55E-06	0.00E+00	6.99E-04	6.33E-03	3.82E-03	5.62E-03	4.97E-03	3.53E-03	4.14E-03	4.54E-03
CNCP[3]	2.69E-09	5.68E-09	6.94E-04	8.72E-05	1.42E-03	1.29E-08	9.20E-09	7.33E-04	1.62E-03	2.43E-03	1.60E-03	3.56E-04	1.13E-03	1.42E-03	8.96E-04
CNCP[4]	3.88E-09	3.25E-10	8.16E-05	0.00E+00	6.08E-04	1.75E-08	2.15E-09	4.14E-04	5.84E-04	1.24E-03	6.08E-04	1.20E-04	4.86E-04	5.64E-04	3.67E-04
CNCP[>4 & <=8]	3.69E-09	2.68E-09	6.43E-06	1.37E-09	1.69E-04	6.73E-09	0.00E+00	7.42E-04	4.74E-04	1.36E-03	2.17E-04	1.29E-07	2.64E-04	2.15E-04	1.58E-04
CNCP[>8]	1.57E-09	1.04E-08	5.81E-10	4.56E-10	0.00E+00	5.73E-09	8.03E-09	8.92E-04	1.96E-09	7.34E-08	9.37E-08	1.89E-05	1.90E-08	7.53E-09	8.44E-09
OsCN[0]	7.04E-04	0.00E+00	2.81E-03	1.54E-03	3.74E-03	4.67E-04	6.06E-04	1.58E-03	3.05E-03	1.28E-03	9.73E-03	1.82E-03	4.20E-03	4.28E-03	3.21E-03
OsCN[1]	2.89E-05	7.14E-04	9.85E-04	7.67E-04	4.79E-04	5.29E-04	2.19E-04	3.70E-04	1.40E-03	1.75E-03	1.61E-03	1.38E-03	9.51E-04	1.18E-03	9.42E-04
OsCN[2]	6.10E-10	4.28E-05	3.45E-04	1.84E-04	2.72E-04	3.22E-04	2.08E-04	1.22E-04	3.57E-04	7.95E-05	6.16E-04	3.52E-04	4.34E-04	4.63E-04	3.45E-04
OsCN[3]	1.24E-10	2.22E-04	2.51E-04	1.87E-04	1.79E-04	2.56E-05	1.85E-04	2.56E-05	3.52E-04	2.70E-04	3.98E-04	3.85E-04	1.80E-04	2.17E-04	2.28E-04
OsCN[4]	7.81E-10	2.94E-05	6.62E-05	6.95E-05	5.92E-05	4.70E-05	6.98E-05	0.00E+00	7.98E-05	5.70E-06	1.24E-04	1.37E-04	8.95E-05	8.08E-05	1.09E-04
OsCN[>4 & <=10]	9.74E-10	1.25E-04	1.73E-04	3.17E-04	8.90E-05	0.00E+00	1.59E-04	0.00E+00	1.92E-04	3.93E-05	2.54E-04	4.12E-04	7.19E-05	1.28E-04	9.95E-05
OsCN[>10]	1.48E-09	5.39E-06	2.46E-06	9.61E-05	3.01E-06	8.72E-11	5.39E-05	1.29E-07	7.49E-06	1.43E-09	6.94E-05	1.16E-04	4.88E-06	4.98E-06	6.30E-06
SS[<=2]	3.60E-09	0.00E+00	0.00E+00	4.31E-05	6.86E-05	3.29E-06	4.44E-06	3.77E-05	3.17E-05	1.91E-04	9.22E-05	2.05E-04	7.43E-05	7.68E-05	5.76E-05
SS[>2 & <=3]	4.66E-09	0.00E+00	0.00E+00	1.43E-04	1.57E-04	0.00E+00	5.30E-06	2.17E-04	3.60E-04	1.56E-03	5.96E-04	1.24E-03	2.05E-04	2.43E-04	1.94E-04
SS[>3 & <=4]	4.39E-09	0.00E+00	2.69E-08	9.51E-04	5.18E-04	1.23E-09	2.05E-04	6.71E-04	1.66E-03	6.36E-03	2.82E-03	5.82E-03	1.02E-03	1.88E-03	1.96E-03
SS[>4 & <=5]	2.81E-11	6.29E-04	1.40E-47	4.46E-03	1.44E-03	1.40E-47	1.70E-03	2.35E-03	2.96E-03	3.58E-03	4.57E-03	8.23E-03	4.48E-03	6.05E-03	4.66E-03
SS[>5 & <=6]	0.00E+00	9.06E-04	1.01E-03	4.68E-03	3.71E-03	1.97E-47	1.99E-03	2.03E-03	4.56E-03	5.81E-04	5.17E-03	5.60E-03	5.38E-03	3.55E-03	3.82E-03
SS[>6 & <=7]	0.00E+00	1.50E-03	3.32E-03	4.45E-03	2.51E-03	4.90E-04	2.45E-03	1.14E-03	2.48E-03	3.75E-03	6.23E-03	1.17E-03	3.14E-03	3.94E-03	2.26E-03
SS[>7 & <=8]	9.88E-05	1.66E-03	2.22E-03	1.37E-03	8.72E-04	2.05E-03	7.35E-04	1.11E-04	2.43E-03	1.64E-03	2.61E-03	1.38E-03	9.57E-04	1.84E-03	1.70E-03
SS[>8]	1.12E-04	1.95E-04	0.00E+00	8.79E-10	1.25E-10	4.69E-04	0.00E+00	0.00E+00	3.55E-10	1.78E-09	4.12E-09	3.04E-09	1.72E-08	2.03E-09	1.40E-47
NC50[<=2]	4.84E-06	2.05E-10	0.00E+00	1.17E-08	2.13E-10	6.50E-11	7.02E-10	5.25E-06	1.27E-10	0.00E+00	1.06E-06	1.83E-06	3.25E-06	1.46E-06	4.72E-08
NC50[3]	5.62E-06	2.72E-06	0.00E+00	1.26E-06	2.41E-07	1.92E-05	5.65E-06	5.77E-06	4.57E-11	0.00E+00	4.48E-06	3.27E-06	4.16E-06	1.08E-06	3.73E-06
NC50[4]	5.15E-06	3.12E-05	0.00E+00	1.81E-06	5.68E-07	3.92E-05	1.39E-05	3.84E-06	1.89E-06	0.00E+00	2.50E-06	3.01E-06	2.75E-06	8.21E-06	2.64E-05
NC50[5]	1.80E-06	2.09E-05	1.14E-06	8.99E-07	3.24E-06	1.87E-05	8.79E-11	1.82E-07	5.89E-06	3.26E-06	1.57E-06	3.71E-06	4.24E-06	5.04E-06	6.55E-07
NC50[6]	9.20E-07	2.40E-05	1.58E-05	5.19E-06	5.53E-06	2.03E-05	2.67E-11	0.00E+00	1.40E-05	1.90E-05	2.76E-05	1.49E-05	2.00E-05	3.21E-05	1.12E-05
NC50[7]	8.47E-07	1.20E-05	1.48E-05	8.57E-06	5.39E-06	8.41E-06	1.01E-06	0.00E+00	1.74E-05	1.93E-05	1.84E-05	1.47E-05	2.00E-05	3.02E-05	8.19E-06
NC50[>7]	1.57E-06	1.63E-06	4.24E-06	1.02E-06	7.29E-11	4.02E-06	1.31E-06	0.00E+00	7.68E-06	6.51E-06	1.34E-05	2.46E-06	7.87E-06	6.88E-06	4.79E-07
BoChr[1]	1.85E-06	6.21E-04	1.85E-03	2.71E-03	2.04E-03	4.91E-04	6.33E-04	6.72E-04	4.59E-04	1.91E-03	8.57E-03	7.31E-03	6.11E-03	1.88E-02	4.68E-03
BoChr[2]	7.52E-06	1.02E-03	1.35E-03	1.95E-03	1.64E-03	1.17E-05	5.90E-04	0.00E+00	5.70E-04	5.30E-04	2.19E-03	3.40E-03	1.14E-03	2.78E-03	1.58E-03
BoChr[3]	1.18E-05	7.11E-04	1.09E-03	2.35E-03	1.89E-03	1.64E-04	8.84E-04	5.99E-05	1.47E-03	4.81E-04	9.80E-03	4.99E-03	1.02E-03	2.12E-03	1.90E-03
BoChr[4]	2.96E-09	3.54E-04	7.86E-04	2.59E-04	1.20E-03	2.18E-04	6.85E-04	3.21E-04	7.89E-04	5.22E-04	3.56E-03	2.67E-03	1.36E-03	2.90E-03	5.69E-03
BoChr[5]	9.06E-07	3.95E-04	7.35E-04	1.64E-03	5.09E-04	3.06E-04	4.49E-04	7.55E-04	1.28E-03	2.53E-04	6.48E-03	5.87E-03	7.45E-04	4.26E-03	1.23E-03
BoChr[6]	4.42E-06	5.60E-04	1.25E-03	1.64E-03	1.19E-03	2.91E-04	7.34E-04	3.41E-04	1.27E-03	7.39E-04	8.88E-03	1.19E-03	8.16E-03	1.12E-02	3.89E-03
BoChr[7]	1.18E-05	3.25E-04	7.92E-04	1.20E-03	1.67E-03	3.87E-04	2.89E-04	1.38E-04	1.34E-03	4.67E-04	8.84E-03	5.75E-03	1.16E-03	7.68E-03	4.94E-03
BoChr[8]	1.63E-06	5.23E-05	8.60E-04	5.85E-04	5.90E-04	2.32E-04	3.36E-04	2.29E-04	1.48E-03	6.50E-04	8.78E-04	1.79E-04	8.39E-05	1.69E-06	1.31E-02
BoChr[9]	1.14E-06	2.23E-04	3.31E-04	5.63E-04	6.64E-04	5.57E-04	5.57E-04	9.16E-05	4.36E-04	7.62E-04	5.99E-03	2.76E-03	4.32E-03	1.55E-03	2.34E-04
BoChr[10]	3.01E-06	5.19E-04	7.81E-04	3.66E-04	7.18E-04	1.61E-04	4.37E-04	2.12E-10	6.24E-04	5.29E-04	1.31E-03	8.77E-04	1.31E-03	1.62E-03	3.04E-03
BoChr[11]	1.57E-06	4.16E-04	6.68E-04	1.10E-03	7.41E-04	1.90E-04	2.77E-04	1.12E-03	1.23E-03	8.84E-04	5.16E-04	1.87E-03	1.09E-02	2.10E-02	6.40E-03
BoChr[12]	1.45E-08	3.04E-04	6.01E-04	8.55E-04	2.27E-04	2.61E-04	3.44E-04	2.74E-03	1.54E-03	8.26E-05	1.04E-02	1.13E-02	4.13E-03	4.66E-03	4.24E-03
BoChr[13]	1.97E-06	3.61E-04	3.37E-04	4.35E-04	5.20E-04	3.34E-04	4.23E-04	1.27E-05	2.64E-04	5.27E-04	1.76E-03	4.69E-04	2.48E-03	2.12E-03	4.46E-04
BoChr[14]	1.38E-05	1.97E-04	4.37E-04	3.88E-04	3.88E-04	2.47E-04	2.12E-04	1.33E-04	3.61E-04	4.56E-04	1.21E-03	2.79E-04	1.85E-03	7.38E-04	1.60E-04
BoChr[15]	6.32E-09	9.66E-05	2.91E-04	2.94E-04	3.62E-04	1.74E-04	1.71E-04	8.83E-05	2.42E-04	4.40E-04	1.98E-03	6.70E-04	1.38E-03	1.46E-03	9.09E-05
BoChr[16]	4.74E-07	2.29E-04	2.54E-04	3.30E-04	2.26E-04	2.37E-04	3.80E-05	1.02E-04	3.05E-04	4.10E-04	5.02E-04	2.27E-04	8.63E-04	8.92E-04	2.35E-04
BoChr[17]	3.70E-06	1.26E-04	1.23E-04	8.29E-04	5.52E-05	3.94E-04	1.79E-05	7.06E-04	6.93E-05	9.00E-04	9.57E-05	2.38E-05	1.23E-02	4.47E-05	7.18E-03
BoChr[18]	1.23E-08	2.86E-05	5.14E-04	5.29E-04	7.89E-04	4.25E-04	3.85E-04	1.19E-04	2.74E-04	3.09E-04	5.40E-03	1.57E-03	3.23E-03	1.83E-03	2.03E-04
BoChr[19]	8.36E-09	2.06E-04	1.40E-04	7.62E-04	1.10E-03	3.60E-04	1.02E-04	2.18E-04	3.40E-05	3.09E-04	5.09E-03	1.75E-03	6.30E-03	4.74E-03	2.05E-04
BoChr[20]	4.25E-09	2.56E-04	2.63E-04	5.27E-04	4.70E-04	2.47E-04	5.31E-05	3.83E-04	1.40E-04	2.27E-04	2.56E-03	1.67E-04	4.01E-03	3.76E-03	7.87E-04
BoChr[21]	6.87E-06	1.06E-04	1.85E-04	1.09E-04	2.87E-04	1.93E-04	3.21E-04	1.07E-04	8.07E-05	2.95E-04	7.12E-04	6.67E-04	7.26E-04	8.57E-04	5.09E-04
BoChr[22]	9.36E-06	8.92E-05	1.03E-04	3.39E-04	2.95E-04	1.91E-04	1.84E-04	4.78E-05	2.03E-04	2.90E-04	2.02E-03	9.92E-04	2.14E-03	5.90E-04	1.19E-04
BoChr[23]	2.10E-05	1.84E-04	4.69E-04	2.78E-04	4.00E-04	5.60E-05	5.09E-04	2.23E-04	1.87E-04	6.32E-04	8.12E-04	1.42E-03	7.41E-04	1.24E-03	8.81E-04
