MutationType	SBS80A	SBS80B	SBS80C	SBS80D	SBS80E	SBS80F	SBS80G	SBS80H	SBS80I	SBS80J	SBS80K	SBS80L	SBS80M	SBS80N	SBS80O
BP10MB[0]	0.7144165700674057	0.44358638398349287	0.04361057578972897	0.002109476488403743	0.0016903477486413174	0.5550923329591751	0.01482130922382108	0.02424293884076178	0.044246074081895015	0.059209188320674004	0.03559436383122085	0.0024662842544652896	0.05471574170447344	0.02971990797751423	0.07355993084609508
BP10MB[1]	1.2040055250679416e-05	0.0021439046987677558	0.0625283650122583	0.0018041844922117888	0.001043570077454207	0.09529517188668252	0.007605412150294342	0.0009563832601634203	0.0023652682708780047	0.000906130784136778	0.004499103636216531	0.0007152165551099994	0.0021101110358726586	0.004651814370881766	0.0028084172906111876
BP10MB[2]	0.0	0.09937056124210358	0.04474830428138375	0.008990645318990574	0.0025246112894922136	0.00296841139386388	0.00046673496244011405	2.111245645210147e-05	0.03716542820911854	0.04743955911253579	0.005457524061247012	0.001100362291035708	0.001657092247795903	0.01037752891038228	0.0020166898477701357
BP10MB[3]	1.4022231287214026e-09	0.0009725853542477125	0.02749185273423791	0.0034199818140405115	0.003692994550365256	0.0014181350021578965	0.00510434254512802	0.0007247454627577099	0.004230344673851505	0.002610211798866917	0.0035411577441481733	0.0002342378760658903	0.001898182787335827	0.004203463132962497	0.0009132591608685914
BP10MB[4]	1.722619078492471e-09	0.003513762387856332	0.011731568784452974	0.011811838744906709	0.0023907179840186163	0.0	0.0029324406176203218	8.173727110261098e-07	0.013273991709793336	0.01272042007301934	0.002458861410738066	0.0014712503952170647	0.00017208513697219158	0.0016480599897910509	0.00035628940496925
BP10MB[5]	1.490849424357066e-08	5.92355610569939e-05	0.005627360711805522	0.004084655936494528	0.0023883504311277993	0.0	0.0017345949007102491	0.0012765273461627657	0.0010826284831698275	0.0016468736522074322	0.001571636812594619	0.00017578315193532036	0.0012620872269752076	0.0007660091675121371	0.0015925073425796653
BP10MB[>5]	6.849428157290616e-09	0.0	0.00024003988597542047	0.020230092173442245	0.007250258354601442	0.0	0.0032754027429274402	0.014063027803786099	0.002003427205382593	0.0009579477521256001	0.0028392062047609733	0.011025914559140801	0.0037033537168764496	0.0017409482206255688	0.006324531449200777
BPArm[0]	0.10276940993964673	0.017578629448544235	0.0016413136896849215	0.000312788857677333	0.0001740506882608397	0.027501875879243017	0.0011941435551509718	0.0011067826642027967	0.003137580178154167	0.002717945223428246	0.0016300259591702116	0.00026561036323982987	0.0007615369629638735	0.001322180885108537	0.004067566386682495
BPArm[1]	0.0008845764372343013	5.334699060767889e-05	0.00025408398990829363	5.5926430613229e-06	6.437701348094293e-07	0.02592177010141313	9.001099268388657e-06	4.3430316814756506e-05	0.0	2.5390379576606393e-10	9.536972048827863e-05	2.0892968991912397e-05	1.1762704673401458e-05	2.0538356128270153e-05	5.0561998386911e-06
BPArm[2]	0.0018298520088262649	0.02404613503953442	4.652569186873734e-06	5.7539444320298115e-11	2.5171342676877375e-10	0.019816832188516854	0.00013973168691439497	2.5065939259008018e-05	0.00023097319675899008	0.00011174497813044581	0.0001084039329560893	4.7532936150673775e-07	1.2704914527965627e-05	4.165156133240089e-07	0.0001712694107565227
BPArm[3]	1.643492464120655e-08	0.0019074068346526473	0.0023828200924007835	6.162726203001512e-05	2.493489192900711e-11	0.011918539060279726	3.0488794193139767e-05	7.7276067527432e-06	0.0004930443493768166	0.00026600609124736605	0.00022105516599657982	2.4420046502031667e-05	0.00012862206154749424	0.00013444946522117362	9.775972692236868e-05
BPArm[4]	4.461644733666503e-09	0.015572949245106429	0.0005506825034163398	2.366343115681957e-05	1.4343369614380208e-05	0.003840928031131625	5.2497554827724e-05	0.0002685348626482664	0.0020753843952789454	0.001760013787279604	0.0002564369986889403	8.988511215472978e-08	0.0002114258404822067	0.00020853853062590132	0.0001964980676802952
BPArm[5]	2.386173031165839e-08	0.0022422684589400886	0.004136585019296035	0.00010159914555245564	5.541292407542641e-06	0.003539173115277663	8.789970123573409e-05	2.281174219150195e-05	0.0006214440443022807	0.00031923568156344117	0.0003495795677804149	1.6936113320298319e-06	0.0006279786461520587	0.00035825828163366325	0.000309529628851557
BPArm[6]	4.748145034372264e-09	0.0074091943528037515	0.0017278306954540312	9.521972297079628e-05	0.00012032284442739183	0.0004240531334340858	0.00023828155889503961	5.597552313702181e-05	0.0024198915008128096	0.003113741370907519	0.0005285425778926012	7.436998988850974e-05	0.00037168966290835215	0.0004035664087018631	0.00015215603081415453
BPArm[7]	3.132967560492972e-08	0.0014030802111665254	0.004036866789974738	0.0001593886311491133	0.00013255384095373302	0.0009660155815072358	4.3661041006628487e-05	4.8178492086985436e-05	0.0004132612389366841	0.0005640607625309712	0.0006287328228056266	4.020458551363015e-05	0.0007449326430469228	0.0008871991841596128	0.0001474895474240157
BPArm[8]	1.1755239937016882e-08	0.00349170969100669	0.0022508111958450174	0.00020364361424981325	0.00015215682704312173	3.8781174358746286e-05	0.00041675450514617297	8.129422894853633e-07	0.0018281083357351235	0.0021557331388942203	0.0003231105926199973	9.46387734435028e-05	0.00012949486954315543	0.00013881325840189195	0.00042636298417193075
BPArm[9]	2.0381977496874982e-08	0.00054530285866349	0.0026893583533819767	0.00029292503533270066	0.00016958664710728044	0.0001506480124544396	0.00014009057654425838	3.709631544666081e-06	0.0007658021874522091	0.0009561079798731953	0.0006112926156358617	0.00011576278320122313	0.00042607812975244743	0.0005230156595177959	0.00013017776977847006
BPArm[10]	2.027495616174768e-08	0.0014028898114338518	0.0019633152498863635	0.000447002641922154	5.108297942314266e-05	1.0156233611269273e-06	0.00030546463098847455	0.0	0.0012707972296630032	0.0021997737252968364	0.0002111791139674324	5.633997468976304e-05	0.0001999633646982106	0.00027044434328146847	9.526745234722967e-05
BPArm[>10 & <=20]	4.533471513745724e-09	0.00030900961603038014	0.010221859165467322	0.00454059631054406	0.0011196379772957243	0.0	0.0012577336165691122	0.00010161827154661296	0.004627540795190725	0.006506483549601399	0.0014603662817996267	0.0007815200042750802	0.0005912692411460796	0.001354172251011505	0.0005347458214487233
BPArm[>20 & <=30]	3.6967766652296065e-08	2.5680975626301005e-05	0.0011509881098754704	0.002749442852800712	0.0012267539075543254	0.0	0.00010522891733697914	0.0007124737734739028	0.0004584586286379988	0.0005111544989631512	0.0005577722466921386	0.0003573584341847891	0.00023950604335723824	0.0004989489990305174	0.00026073095941228533
BPArm[>30]	6.565642843625596e-08	0.0	6.862609880045057e-06	0.0027230823115678504	0.00057388348780961	0.0	1.3340921173332632e-05	0.002755496959434822	4.258028127374303e-05	4.222956122248434e-06	0.00028239659289390316	0.0013782255083219753	0.0002364593869140208	0.00013693305183551274	0.0001542506803878041
CN[0]	7.349487454710868e-06	0.0008486868155961247	9.184018825180828e-05	0.0	0.0	1.881724399055429e-07	0.003859314304868349	7.254027005743069e-09	0.07443363112847978	0.009350308887846923	0.003255645616961793	0.0008270449936389924	1.9965308695191197e-09	0.0	0.0
CN[1]	0.002417857724644463	0.0009078794199827777	0.0021263924732706817	0.00024379572365432978	0.0	0.00040895079144661397	0.24811395823955537	0.0	0.027253868344469082	0.025818383633159102	0.007104477118156676	0.0022496381402015687	4.9153933650814e-05	0.0002093662011975539	0.0015972815904812788
CN[2]	0.030031758258059503	0.05284341490057736	0.01712220989413766	0.07006702184677124	9.460657565796282e-08	0.0007660179744118522	0.18784594401717186	0.0025601333064082608	0.10825141782496427	0.011489333011402647	0.2684528577560559	0.017349243115654524	0.001853141712981598	0.0006681437635927527	0.00018628844642080367
CN[3]	1.597403389186347e-06	0.004250842132605613	0.06912984346970916	0.12509361787466333	0.0004622576665133238	0.035463563599780625	0.0	0.001617026785388589	0.0009821017039939762	0.03992548596812412	0.03661898480656326	0.04529484941727219	0.05518617850848038	0.0630447874654783	0.05561099251691351
CN[4]	8.979201715497708e-11	0.002762124733334499	0.006860466268472009	0.011549664366564657	0.1308301607891917	0.0038972593247763145	0.0	0.0017943421499830043	0.0216512008448867	0.014205344833575996	0.04038557406154723	0.026781789653138047	0.06899733513383126	0.07751831646141	0.043814340527673384
CN[>4 & <=8]	9.82850095754273e-09	1.401298464324817e-47	2.060322626107336e-07	6.604648078445407e-13	0.21118609949946404	6.168162514086362e-10	0.0	0.06430077102733776	0.00258684015532765	0.05620965452367983	0.00816464553200916	0.006007239226737724	0.004522607220928592	0.008920504064586778	0.002835675205973649
CN[>8]	1.2470616221449403e-07	4.8849723848221095e-08	2.13043215957498e-09	4.728524256591981e-09	0.0008669174339006913	4.669004631807638e-09	1.809763210403048e-09	0.17441489458084106	1.4575270022021414e-08	0.00011944662446603305	0.00021674138595898285	5.541417933351056e-05	0.00024250123748046804	0.00010312648513675526	0.00018225267660306631
CNCP[0]	0.044907844811677936	6.696032674717856e-06	2.6582173973110914e-09	0.0	0.0	4.388092854412662e-08	2.802596928649634e-47	0.0	0.0003409405615535377	0.00027366874854777733	3.826045228322528e-05	6.63527986034751e-06	1.2251231362725435e-10	1.361993469117806e-09	2.842081769927063e-10
CNCP[1]	0.0	0.06606663709506393	0.16820505797863006	0.29434155076742174	0.01755126491793746	0.03209152865561471	0.2558276163041592	1.401298464324817e-47	0.0005936085060238838	0.009330278160151194	0.047531424332410095	0.18844640493392945	0.06069953367928974	0.05986268677882428	0.058477972696128866
CNCP[2]	2.7356626147723163e-09	0.0008023000551614245	0.0007492875503383267	0.00012205854012399406	0.13349193662650294	6.5934081298840445e-06	0.0	0.004590192084242002	0.27883808813989164	0.01611320371273905	0.028790697384430262	0.025287642386858877	0.03835912438377024	0.026912793045191563	0.02841606586375809
CNCP[3]	1.262270265867116e-08	8.804369855397453e-09	0.0049230090271430525	0.00011174620827659965	0.02809298937185531	2.3829049187185093e-08	1.5385234064524413e-08	0.029766922099515796	0.006472908445448962	0.08249104362912477	0.005181590190835337	0.0007075812321115649	0.002563203780100025	0.0035199207999514217	0.0017126998752065958
CNCP[4]	1.0157539247046543e-07	4.3131408666852166e-10	0.0001186952633791094	0.0	0.01150863156512969	7.537364567156146e-08	2.1450009057844e-09	0.03302184099331498	0.0019940411650107136	0.03960870540482162	0.0016414192793066374	0.0001700753600925964	0.0010224787900796365	0.0012415050693817876	0.000517037178945543
CNCP[>4 & <=8]	1.0409995176097197e-07	8.777770501566806e-09	6.734929582101756e-06	1.3699117573651165e-09	0.00044268285710314715	3.227908458747208e-08	0.0	0.0876524306833744	0.0010696865334524563	0.0435231052339077	0.0004191079247310725	1.3013788105808998e-07	0.0003729353476511221	0.00039875490907963495	0.0001957748993557118
CNCP[>8]	1.9096462509082812e-07	2.798210921994837e-07	8.510955828988642e-10	7.036362963327793e-10	0.0	5.539401113363596e-08	1.0101480848456746e-07	0.07943374522030354	4.309565686533291e-09	1.9587514103136527e-07	1.4924483531686406e-07	1.906332875826422e-05	2.5361449402794278e-08	9.397708566893925e-09	1.1398548451779789e-08
OsCN[0]	0.04637997745536268	0.0	0.053263411703519524	0.012992935089860111	0.07784648182801902	0.0020727229147451	0.003336900361740958	0.18453457504510878	0.011317085568648078	0.004572017897153273	0.05088881555944681	0.005907283566199449	0.07598925733938813	0.027346773877949992	0.04932730577886105
OsCN[1]	0.000293807659995764	0.05146679346449673	0.027069104895419898	0.017077123406343164	0.03268856359645724	0.004600344514301715	0.0002534903050400317	0.025450659319758415	0.04721629478037357	0.0995422406680882	0.020922967679598514	0.02095143707585521	0.016215236919784506	0.02113889358763118	0.0061198101520482575
OsCN[2]	1.015669250925555e-09	5.548598943278208e-05	0.011899054041132331	0.0066038076393306255	0.006857009337977615	0.004123780853115022	0.0024856541562371603	0.003769332209485583	0.002406486980448792	0.0001934512029401958	0.005379609636342608	0.007842375914324294	0.008464010027091717	0.005595817054854706	0.0067007097752502884
OsCN[3]	1.2366937696128843e-10	0.00840913228224963	0.0037631090870127084	0.008672348384279757	0.0031372202762037205	3.366749384440482e-05	0.0030910911632042824	6.783395889235721e-05	0.012304135450394825	0.00509573315968737	0.0022840715296094773	0.007979218761029187	0.0013271926068409812	0.0015447516841354456	0.0014173463855900082
OsCN[4]	2.358803036450752e-08	4.887067014351487e-05	0.0024868879199493677	0.004072766531025991	0.001163699697362972	0.0002800357533693898	0.0026349349090145323	0.0	0.00038862193632667187	5.696995067410171e-06	0.0007327766060849229	0.001882516096718163	0.0008526576991971524	0.0005477182620779786	0.0010036738198833143
OsCN[>4 & <=10]	1.3556267556835699e-08	0.00046142757222412457	0.0011761888590990938	0.011595667136202793	0.0005866486368122991	0.0	0.008460018739569933	0.0	0.0042632148796110415	0.0001099459920078516	0.0008578893981665203	0.00580576273961924	0.00024114363478474843	0.00048357977865858275	0.0002917678493975018
OsCN[>10]	4.498371570349491e-08	5.390762680499428e-06	2.511603491619496e-06	0.0021592987095937132	3.0114347797161047e-06	1.2342581623414616e-10	0.00247841329080984	1.2939716685506086e-07	1.8763857161478992e-05	1.4321859964638862e-09	0.0001338863236278609	0.0009048652937535451	7.63618158304169e-06	8.649744345770038e-06	1.655055786873305e-05
SS[<=2]	7.552756949635863e-08	0.0	0.0	0.00024349226292088652	0.001137885375901533	1.1027236781818058e-05	1.1320790916116153e-05	0.0014608197641791775	7.364423130638897e-05	0.0027991619595559313	0.00044727740254241866	0.0026642009084753226	0.0007956244195855788	0.0003486094173058518	0.00020079907441981958
SS[>2 & <=3]	7.942368861035831e-08	0.0	0.0	0.0006539604163546642	0.00046799960908769177	0.0	5.631531052685546e-06	0.003116003676550463	0.0005042604861961309	0.03279792290056321	0.001363638826239253	0.012695152579870639	0.0007039347230495708	0.0005554002230383048	0.0004059849682025707
SS[>3 & <=4]	3.452109796228675e-08	0.0	3.906271061282496e-08	0.004589859466021835	0.001033349124739118	1.3309513668957607e-09	0.00046603163305022124	0.002877902503464327	0.0022666697790572955	0.12717506749708263	0.006618565144456312	0.07064657055022763	0.0016927496534003695	0.004617932866034167	0.004972759836888905
SS[>4 & <=5]	3.243262491903209e-11	0.002994418066947162	1.401298464324817e-47	0.04800820268923417	0.005594124307796271	1.401298464324817e-47	0.01759324592743269	0.047300727446563544	0.04396829826757312	0.026509791796561332	0.019626531139729387	0.19925254829926417	0.02598847703557283	0.0353414383499512	0.02420648703991903
SS[>5 & <=6]	0.0	0.002522798686986789	0.0022150337882339954	0.14242214504862205	0.07510686675086617	2.802596928649634e-47	0.08539328171871602	0.09735866874456406	0.03965593932928187	0.0006941593438386918	0.02209086775183067	0.029359597340226175	0.05348286549221085	0.016407408355352756	0.03725802023895085
SS[>6 & <=7]	0.0	0.0025713660288602114	0.1830070937424898	0.06614432316040621	0.0502796645835042	0.0015494652045917679	0.057353526890510695	0.02977482807356864	0.06304951243102551	0.043571719782194124	0.03204348002094776	0.002348585871513933	0.024304104652562344	0.023367768508127894	0.023997884064771657
SS[>7 & <=8]	0.01611930257640779	0.13356846872717143	0.07852889006957411	0.007427464726255484	0.00731741424185246	0.10245839390903712	0.011021195626428835	0.0006325513619040318	0.03794971258263104	0.039623515706043694	0.027198723827529393	0.007040373190154473	0.010600763917900623	0.03249696602812037	0.017543626667968083
SS[>8]	0.03595785453915596	0.0008806867410398666	0.0	2.6691196119976723e-09	2.2792580711694653e-10	0.00862918283236496	0.0	0.0	5.530322422231393e-10	1.7814271302540873e-09	8.499205645939867e-09	1.0872375906245679e-08	6.76535665755651e-08	2.0341735762485767e-09	1.401298464324817e-47
NC50[<=2]	0.0012597171252127738	2.053683623159941e-10	0.0	2.8492798749280012e-08	2.2650737729890126e-10	7.703629345545693e-11	2.8298488552458423e-09	7.621391215213435e-05	1.7014853526120533e-10	0.0	1.2810395768081407e-06	4.86396134327105e-06	1.0916634892126353e-05	2.2949531544647074e-06	7.040825379833748e-08
NC50[3]	0.0005757684394484386	6.1967549117980526e-06	0.0	2.728924287085377e-06	2.408151340205222e-07	0.0002721807155514355	3.947185797605224e-05	9.174340938443493e-05	4.568406097860134e-11	0.0	9.23454260203016e-06	1.2341032358227366e-05	9.309339226319935e-06	1.223936042151763e-06	1.149805271879245e-05
NC50[4]	0.00015963931946316734	0.00021593472731183284	0.0	3.1566087454848457e-06	1.2193004204164026e-06	0.0009759264698368498	0.00018477507437275164	2.3732498461583874e-05	2.7801905162050387e-06	0.0	3.3350162266287954e-06	8.212879743041413e-06	4.676528533309465e-06	2.6706733224273193e-05	0.0002629650816612639
NC50[5]	2.101929247420031e-05	0.0006102584418840706	1.2657879694732976e-06	2.634755061130534e-06	1.3065082384358107e-05	0.0008458963420707732	8.785101535124795e-11	1.8247009384353418e-07	1.8286952677368794e-05	3.2635006132863964e-06	3.3573978008405446e-06	1.4009745418572805e-05	8.902679081792542e-06	1.5687029378685934e-05	6.553112325491383e-07
NC50[6]	5.14203504531352e-06	0.0006399922115087975	0.0002018265364824856	1.2229545367490325e-05	1.8374136550736163e-05	0.0003771850212689287	2.6672792863280393e-11	0.0	7.626184772789201e-05	0.00013302639951366047	8.545998834499357e-05	3.247133325296803e-05	5.2394422182260316e-05	0.0001450801938884183	1.8833939493743124e-05
NC50[7]	8.405044145440855e-06	4.195893822581454e-05	0.00034828778509108814	4.021757566662565e-05	1.2863390652455565e-05	7.873966737676597e-05	1.0091266455747315e-06	0.0	0.00018120255703706788	0.00023048693203807423	7.376670276338427e-05	2.4888028856366874e-05	5.178948369575665e-05	0.00015078881770023145	1.2932139091859084e-05
NC50[>7]	2.5479060432189727e-05	2.2829728132478524e-06	6.139392944447764e-05	2.475078070689474e-06	8.56643678215363e-11	1.747556379179116e-05	3.614207466267061e-06	0.0	5.285120082479722e-05	9.003593298984924e-05	3.5813835774556324e-05	3.234435571357608e-06	1.1064931357323005e-05	2.1098194826545403e-05	6.688933992782253e-07
BoChr[1]	2.0655017032633615e-06	0.0037037530908636995	0.015287738765150181	0.011650192066308103	0.014235765549799098	0.0021660577843787363	0.002255423999958863	0.0036248878720536214	0.0015369046657109208	0.01656222809318039	0.014600161624387908	0.03552269049467476	0.01532438543625176	0.12172811145913556	0.008780323326551053
BoChr[2]	4.4911104621112586e-05	0.008028112083015949	0.018306889929808678	0.008594320570555283	0.02422860383288935	1.1703732889145613e-05	0.004466722825018223	0.0	0.004029639482287167	0.004231837000697851	0.005781784264254384	0.00966199975810024	0.00134419191890629	0.009981175259454175	0.0025654265511548145
BoChr[3]	0.0001079365264969434	0.005365188020049345	0.012445558274630458	0.006923802643832459	0.02543900672688588	0.0003622180286834009	0.007283904734931639	0.00015673689052846383	0.00875220640853513	0.003826756706184824	0.023092461014466322	0.02181779717328027	0.0016121921374929115	0.0034875065030064434	0.0036602657136972994
BoChr[4]	1.1521872385067411e-08	0.001697553593882759	0.0069285551690610354	0.0011492599713830388	0.008085730674793012	0.0009050157377791379	0.005782561245772228	0.002393671564568649	0.00648351643118076	0.005470421289646765	0.011339730037143454	0.019360902865737443	0.003070199911016971	0.012246999589260668	0.039231075020385336
BoChr[5]	1.0204672831082284e-06	0.0011648444843326458	0.009602912841364742	0.0058283998360575155	0.0034333616694493686	0.0022971527202918195	0.0021116086273265467	0.007040622657987443	0.00623986231782169	0.0012178951308214891	0.02148208352726215	0.0672962447427767	0.0012347539795185903	0.01445580531093583	0.0018990832863346441
BoChr[6]	1.5729912396340583e-05	0.0027815004657037435	0.006446877836767897	0.008147736815950619	0.007805091174009515	0.0011831451972167883	0.005740129849296771	0.002140597991868123	0.0071030892947771904	0.00655129586935495	0.03941170907132175	0.0020168401189064157	0.024859309281915074	0.05794560204206192	0.00815634591158407
BoChr[7]	6.886395774762022e-05	0.0019974620268046906	0.006737716005949465	0.004677215248857891	0.013500716994603862	0.0023280100486297826	0.0010179207299370319	0.00043856150727151545	0.006023505483084648	0.002375234594646649	0.035374902564811066	0.03598394251292028	0.0013035817630589008	0.03247999264493956	0.017090301963012422
BoChr[8]	2.9805333084953476e-06	5.307300412655924e-05	0.004411574722573735	0.0007835075407049175	0.0011793336666736062	0.00046861602474420396	0.000382971959028513	0.00041905112845628726	0.0024364762403139744	0.0016309600565904425	0.0011675778067681542	0.0001823449428019952	0.00011481455736152669	2.5804225105829916e-06	0.3790797464703792
BoChr[9]	1.1674296682784302e-06	0.0007765441418505281	0.0017857645385629438	0.00494435426966902	0.007727335770032369	0.006341687803287641	0.005331707512297328	0.00041049134480999785	0.007311231720975115	0.007664186638727415	0.02485777901718393	0.00583088864441379	0.023291096447895256	0.0037029868090388616	0.00043374046374083263
BoChr[10]	1.2172640702245996e-05	0.0023786568542709576	0.013106003070570296	0.0021649548881032387	0.007787214433956251	0.0008109723800225765	0.006743881385080641	2.1225330826268874e-10	0.006588716552098178	0.00611927558806201	0.005422932163346559	0.0014293376775458455	0.003390093929192517	0.006973673246975522	0.02123551768629113
BoChr[11]	2.8286341083960666e-06	0.001289587277940729	0.003907573637866122	0.0036197141729754144	0.002184612498875091	0.0005552961657983247	0.000658512803016873	0.005126780498611304	0.005035309953693521	0.003661837547670963	0.0007850391912120402	0.004014634696371271	0.05060157011899099	0.18453932989130492	0.015759441313507167
BoChr[12]	8.311483835399259e-08	0.0009566538460785523	0.0063369393476152445	0.007034927357670355	0.00046047405445662546	0.0020460987479241056	0.001599355050259419	0.03863087477351063	0.008743399633653897	0.00012154871713470073	0.032406333723729405	0.06225728432333923	0.0071855525495167424	0.009662191221723333	0.006799073461443186
BoChr[13]	4.129527201455207e-06	0.001104360893732519	0.0020461465389143996	0.003514019303074747	0.0043759331061503206	0.0039715041411301395	0.006766538126257728	1.2655564871408842e-05	0.0019327038509991076	0.006560678507084959	0.006720694550385815	0.00104320875424321	0.007471191902320523	0.00794259157300985	0.0008148992284259293
BoChr[14]	0.00023372996651239931	0.0017088092095218599	0.006084499844582751	0.005280119330855086	0.005727477202958049	0.004022547001950443	0.001111298169676047	0.0019492613403417635	0.0033815476013114728	0.0051271126591018405	0.003971749608172104	0.0005521933958516456	0.007074198368209181	0.002775868147145957	0.00027461563004180787
BoChr[15]	3.592290731990744e-08	0.0005538833831241209	0.00456261563609587	0.0039050137655431173	0.0053900086453359105	0.0025683237936755176	0.0010297568121472977	0.000806556608295069	0.0014879221252340397	0.00939313539435716	0.004851126778812613	0.0010079664129830235	0.007461841350590816	0.004262082279456081	0.00011042430320685525
BoChr[16]	5.698207090087948e-07	0.004701452652225271	0.004820236199302599	0.005583994048647583	0.004779768533771858	0.004820712833316065	7.02718665206703e-05	0.0009057912399138246	0.0063044128264300526	0.004467369149642141	0.0023101068535470405	0.0006039430262171664	0.010108485185774042	0.005761098021757789	0.0005705932655837387
BoChr[17]	6.391771021752035e-06	0.0002033189010624165	0.00026340005486638065	0.0026067071246266417	7.54184981860817e-05	0.0016361862284415452	3.9097489798396444e-05	0.0021711717173733725	0.00011285725957225878	0.005168098323364512	0.00011259002981893552	2.496156800987137e-05	0.1979077545081418	7.25630359141259e-05	0.025936313126955355
BoChr[18]	5.089504249697341e-08	4.045803168850171e-05	0.0018549839987977654	0.002551750331114633	0.00878032200469567	0.0047423231181994655	0.0031795395985393304	0.0007739349661824236	0.001121153291010195	0.003369890041690269	0.024695838436372526	0.0031891091552340243	0.01253019193635339	0.004117700349083862	0.00021212815190665423
BoChr[19]	6.526087850122764e-08	0.0006286675555452703	0.0003705703834492624	0.0035544171690209225	0.013575931384016542	0.0024732020453974712	0.00022455137039462336	0.001673133174229946	6.754271695001535e-05	0.001869643880033811	0.01908018910869296	0.0038817645367297616	0.04198363565305787	0.017989823247442926	0.0002151673113773605
BoChr[20]	2.3063527447853006e-08	0.0014214517630109925	0.004013577750580453	0.004706166502400393	0.007708836036838989	0.0017978611034129698	0.00010353067162950035	0.003272262566482098	0.00036902161184457325	0.001472399775498161	0.006987816111369698	0.00028435480041403947	0.03256786859084786	0.016495670680985768	0.0011383664584718645
BoChr[21]	6.608331412756741e-05	0.00010614067316055297	0.0014378436320112134	0.00033217712236364603	0.004378951766611862	0.0035644166672136636	0.004049199571309146	0.001828616079800735	0.00024192331246013056	0.0035784319331287405	0.0028045995891443454	0.0042181638706824745	0.0030010485893581062	0.0034448787046130764	0.0013339367384833168
BoChr[22]	0.00016888442512003721	0.0004700707738214449	0.0005785050461417996	0.0022540953309498945	0.004009599452310795	0.0029173021711199187	0.0015439556082911473	0.00018919247690064368	0.0012398238357127411	0.0017328726148116403	0.007921707585337572	0.0011613159393917558	0.01985713536501862	0.0015064067520142999	0.0001912025228375569
BoChr[23]	0.0011743157042656094	0.0002440403639775468	0.006309573856415227	0.0017694043001574755	0.002710415147303138	0.00015559826649223397	0.008072435114263499	0.003908814405294833	0.0005228364249342121	0.019544959915801883	0.002992032328620553	0.009674197809727048	0.001809833338484168	0.006495654676109552	0.0028747800714336337
