MutationType	SBS80A	SBS80B	SBS80C	SBS80D	SBS80E	SBS80F	SBS80G	SBS80H	SBS80I	SBS80J	SBS80K	SBS80L	SBS80M	SBS80N	SBS80O	SBS80P	SBS80Q	SBS80R	SBS80S	SBS80T	SBS80U	SBS80V	SBS80W	SBS80X	SBS80Y	SBS80Z	SBS80AA	SBS80AB	SBS80AC
BP10MB[0]	0.7312223941087723	0.7393538148701191	0.39143520683050154	0.0029194887725917423	0.03490340576975997	0.0028926254895968394	0.44504500303417444	0.04536312171652803	0.0011841979676549758	0.01508839376344028	0.001969983299485399	0.03406229999382049	0.034118428242863486	0.013122294052805763	0.029399491781009323	0.10355800346796676	0.024390492860039734	0.0008948765603747162	0.07188801749075546	0.010627806310815092	0.01156879276793514	0.018462758488780696	0.031140971437220114	0.1375051064696682	0.005616031099403924	0.01860481065126185	0.04300596905901598	0.05690472195099591	0.06432332016112725
BP10MB[1]	0.0	0.00781445477689033	0.005614290281294724	0.0014346192771336065	0.07064234823919832	0.005351097796767139	0.14789255015552044	0.008721693439001683	0.0015054426316074704	0.0016402937612247114	0.00017088176655306598	0.0008969689647283019	9.80908925027372e-47	0.008631481525973018	0.0035781388514711356	0.00151680538603597	0.0033271039910323453	0.00025040203242857994	0.0023745728880357085	0.0007299376741945806	0.002406511001473122	0.001828542234645738	0.0033681155815474995	0.003052971274119046	0.0007988679553818656	0.0012450239434838315	0.0006488149833609542	0.0031902472884394227	0.0008236610883795947
BP10MB[2]	0.0	0.013673830376298497	0.13402799438685178	0.0069130139908520506	0.039825033092638476	0.008598284644847003	0.0038486576359719037	0.056872547175735234	0.001875631925943403	6.500079180113971e-06	0.0004015606714528985	1.401298464324817e-47	0.0048546736035495995	0.00868485481077471	0.0009431437391322106	0.04414731507225952	0.004788374001959419	0.006635584719160761	0.0006166608312078125	0.010403729248473825	0.015278656435040639	0.0006840805150568485	0.0005355806266652648	0.002279982874169946	0.0005370041751302779	0.002054338607995307	0.0007211265430669304	0.004998347108785311	0.0006921827179479579
BP10MB[3]	1.382480340428316e-08	2.0979229020667846e-09	0.001870169307803735	0.003805153566572699	0.03984210949391127	0.006643371036364764	0.0027768277330324055	0.010925888427913262	0.0012627787966266624	0.0004041384353848798	0.00011188135163845773	0.00017185160730150527	5.478775974211203e-05	0.0014545467670541256	0.0034147585142280334	0.001970642276249457	0.0015196429601226824	0.0011520724523599788	2.4616218579467402e-05	0.0013302329379985167	0.003039436289509467	0.0005795418886191329	0.0024901143948056342	0.0036545326922582224	0.000682737532883948	0.0037136465389903607	0.002617499130415224	0.0017415344519758945	0.0006407279196480431
BP10MB[4]	9.53673145898115e-09	0.0	0.009512618548126284	0.012374464528724047	0.017130513656884432	0.006109620486160736	9.416406783202546e-09	0.01466868317394983	0.0008320024104773438	3.417264164454537e-05	0.0014402899265405721	1.827848613174865e-05	0.00020201372407179007	0.0012825184426730374	0.0004506151728720198	0.014419181190352504	0.00607059730522451	0.0004580949452326877	7.006492321624086e-47	0.0024759347046468903	0.010160752193091866	3.6560772658766893e-06	0.001340468446776697	1.3119198847562074e-05	0.0006311473224536713	0.0016392124974838808	8.793665096163749e-05	0.0004952650506318435	4.063765546541969e-46
BP10MB[5]	3.4946458586926355e-08	3.4157872000178307e-38	1.0166192660108208e-05	0.005435849508421975	0.009541866034269333	0.0026353699759420124	7.581546810797591e-08	0.004468981832833379	0.0015243479580385611	5.332928827556316e-05	0.00024601160042493576	0.001197031806659652	5.8937550054736224e-05	0.00018376629683189094	0.0019579312723848985	0.00022687128013959085	0.00029796517624390616	0.00011765374308569055	0.0012135354423170863	0.0007786591314850873	0.000573411332710414	0.00024174873477175396	0.001052595676156516	0.0006986410976105617	0.0002459301278577186	0.0006894647455612812	0.0013830305884317796	0.00012096830039988404	0.0004120522802343629
BP10MB[>5]	4.501072235374437e-08	0.0	0.0	0.028880544914864005	0.0004590226542040909	0.006472890588702285	2.802596928649634e-47	0.0013422408051587808	0.007830308586455885	0.00031399941147725486	0.016311240391178216	0.016679936200380326	6.076432725876657e-09	0.00035912916995584966	0.0079856953875667	6.0553273703973786e-05	0.002546335833326907	0.0	0.000400306604935507	9.754914117365842e-08	2.902930191339692e-08	0.0	4.534313120529987e-08	5.619181320071221e-07	1.6758554847911002e-05	1.2660352076636628e-05	1.1210387714598537e-46	1.401298464324817e-47	2.371131723521103e-05
BPArm[0]	0.1154161961376667	0.054806308229453864	0.012533919465495274	0.00018034304411695425	0.0019716109043096033	0.0003721568601577101	0.01691274202428758	0.0023063161764671023	3.1853956698757455e-05	0.0021840105873717573	4.4260454415052665e-05	0.0009980643049948411	0.0016142256770045487	0.0008510659171952285	0.005014431176598322	0.01059084590349812	0.0019963030010110706	0.000734168612320263	0.00345719120600651	0.0019354832888009287	0.002858972770627741	0.0024519295809927837	0.0028036919893929734	0.0028768266615225003	0.0007263280539028264	0.0020926097117359497	0.0013987708237280837	0.006397719673259425	0.002745366313938575
BPArm[1]	0.0004060448512928261	0.008652163396055386	6.722222778421383e-09	5.1674517909106046e-09	0.00011462580906559605	2.802596928649634e-47	0.03455595172900075	2.1271354455620895e-10	2.1230622948564816e-09	1.1707380380698851e-08	1.5401996265040907e-08	9.011885646055263e-06	6.738949192452993e-08	0.00034247426110452396	3.4866197396223277e-09	8.86945898059821e-09	2.4655478867430247e-08	2.088784441411917e-08	3.3318458639481044e-31	2.6666341526038196e-08	1.484986242417108e-08	4.589172064584091e-10	1.3917516525907559e-08	0.0013719212582080332	7.771653320531869e-07	2.767494159165551e-05	1.2611686178923353e-46	0.0012183106604252813	4.3040419654971626e-08
BPArm[2]	0.00016740047086969412	0.034701635414956515	0.014164461303530232	4.827857750067111e-07	3.2240624913129066e-05	1.8978123051791586e-05	0.005047267011980807	0.0002150922024300428	1.6758647802816995e-10	3.7327118826908644e-05	1.4061073390081447e-08	2.187466884500111e-06	0.00019583882568669164	3.488437641863129e-08	5.499767575614101e-06	0.00385675773470183	8.736940421965933e-05	6.819744012318551e-06	2.672318349770997e-05	1.2430642236722633e-05	1.7554442616187772e-05	3.5416803241332674e-05	5.7304429356008765e-06	0.003211328648030758	6.92817453878547e-05	5.605193857299268e-47	2.4711926009501896e-07	0.002231491815517899	5.0795762410302816e-05
BPArm[3]	3.697676040470554e-08	0.0014417625329475037	0.0022250958293443548	1.1442633722253959e-05	0.0023746651693727474	4.766148946544036e-05	0.017238796956371517	0.00018285132360688295	1.808908756117944e-10	0.0	1.9139549222018106e-05	1.2874267250602146e-05	3.8400967350149526e-05	0.0008189206795063342	0.0001291745849863446	0.0008324634896302996	0.00032771084130217787	3.728167790526982e-05	0.00012790242238423842	1.2524556659627706e-05	0.00019738616043468937	6.0236818389967086e-05	0.0002432753388711717	0.0001248007785181926	1.4345988446997638e-05	4.141292142605835e-05	9.552715383257748e-05	0.000285947233388697	0.00021414477226995758
BPArm[4]	2.0055533356266863e-08	0.004235692690570652	0.017335929975743056	6.570072684553452e-05	0.0003837776667126036	0.00015887042876649938	0.003365074082009869	0.0011310149397468195	2.1131912944838405e-05	6.582163574397781e-05	0.0	0.0004434447223936999	0.0005508322180676426	0.0001118191922432743	1.805065191661015e-05	0.002056813995059201	0.00023376584285870195	0.0	9.933483593556503e-05	0.0001333727845485555	8.34463181922856e-05	0.0001192115957775286	9.031098219566048e-05	0.0006551554169966098	2.744888859524508e-05	0.00010010719377987697	0.0002850824318027634	0.0005478025951833843	5.828958676171503e-05
BPArm[5]	4.4895173729742057e-08	0.00018316648561864213	0.0033043154585175216	4.270767720299773e-05	0.003893331063736696	0.00024022973074548485	0.0058820903232799536	0.0004722250907616399	6.191902211867273e-06	3.97658271293011e-05	0.0	5.53218935516675e-05	4.528092971980868e-05	0.0008353727220210772	0.00011203261755007499	0.00064413263217034	0.000278907825704664	3.2029660408661175e-09	0.00046637317426757364	0.00014847540432128882	0.00020442381312206243	6.90507188119227e-05	0.0002725074559884888	0.0005866166369378334	2.802596928649634e-47	0.0003136892996735696	0.00023247725331430047	0.000279007098333679	0.0010550821900732644
BPArm[6]	6.902838135536271e-09	0.00016955328872539255	0.011111518165562302	0.00010835962664714316	0.0006908079583087102	0.00017927653133313016	0.000881416998313398	0.0023125996565795505	6.389777965523535e-05	0.0003621560622470632	3.8287888746708634e-05	0.00015700610954127114	0.00032102706645225964	0.00010245900375693395	7.502949863948061e-05	0.003027384750753299	0.0007421775429781973	2.931482595158741e-05	0.0002464178305672249	0.0002661649466608651	0.00030753514871264544	0.00012802566780166556	0.0010654643136626873	0.0019123412396091055	0.00041897279006661845	0.00012858865220040063	0.000736153750599442	0.0006374279793089954	0.00036479439317801623
BPArm[7]	4.9544278262203535e-08	2.08025079138352e-05	0.0023894885857589543	8.019657521799672e-05	0.0041950752786942755	9.35958010717286e-05	0.0013518850578111597	0.0010259794804733248	0.00011421224918933603	0.0	0.0	2.9661600362942407e-05	1.5187301428341016e-05	0.000560110143801467	0.00018933143421620002	0.00048026180293820887	0.0002134729835796634	6.608143608900718e-05	5.2676975993115606e-05	0.0013215797353086601	0.0002569601479876837	7.359705225098878e-05	0.000250297091097309	0.0020499593991189615	0.00010520965701289242	0.0018509776942528334	0.0017591731375296148	0.0001351112071766636	0.0003826345247716745
BPArm[8]	2.905871710146002e-08	1.1342487782712851e-05	0.006107711730292067	0.0002631555339024949	0.001818434550357225	0.00021536469314014538	0.00013953354824934648	0.0022349868355252055	6.94872912572464e-05	0.0002098663429961789	8.114376832963899e-06	6.920276318851393e-06	0.00017872825635258493	1.201651212817012e-05	5.949445397540387e-05	0.002051592199548509	0.0002762994408067243	1.3161623501218855e-05	0.0007409517281380573	0.00021765929782304738	0.00023374395227847343	0.0005396888027867419	0.00025250458650134534	0.0011239387398313738	6.0476086246126216e-05	5.849651308381004e-05	0.0004477797061812794	0.0007742385040910448	0.00026236275177325295
BPArm[9]	3.3865524393661415e-08	4.750589539526118e-09	0.001385647503484506	0.00012950312881002902	0.0029021840775385497	0.00048391087345862617	0.00027531455859225673	0.0014119686839512723	4.8764607709017585e-05	8.57873279528576e-06	1.6010275212465787e-05	4.265784882591106e-06	2.8738344197662968e-05	0.00032119263617460094	9.930595745173885e-05	0.0004656489131645136	0.00032286829891188697	0.00026814511001703066	2.5145549807348287e-05	0.0008211813289386782	0.0002568859257044487	0.0002743730415858181	0.00023763363022894169	0.00258719634151646	4.474955545447301e-05	0.00017644175045244736	0.0007876923131834701	0.00011198895401321352	7.899408170487732e-05
BPArm[10]	4.0334486719473265e-08	3.740984340083742e-09	0.002983599252765998	0.00040916889423897373	0.0018631095520686358	0.00011018778847414979	2.172265900298953e-05	0.0021832659238134513	3.1282723862204873e-05	4.1837894768832485e-05	5.37863634963287e-05	5.364268508856185e-07	9.467466192027984e-05	6.613498810683183e-05	5.4059433451669745e-05	0.0019936349528205176	0.0005824681070765791	1.325307006482035e-05	4.046995858516311e-05	0.0005602580223978748	0.0001984986064644545	4.505804052541862e-05	0.00040221186462986226	0.00022792123517007942	1.2969281477239748e-05	0.0005306974192143344	0.0002677667482356583	0.00035563831789481526	0.0003830214765275741
BPArm[>10 & <=20]	2.9703024821969847e-08	0.0	0.0016874851955799386	0.004678581028110784	0.014555436889640987	0.003330416261596838	4.7887959909151144e-09	0.009615464069065638	0.0005964824192778906	3.289585524157701e-05	0.0008840400958654912	3.897154506594971e-05	1.5347272928067923e-08	0.00035760835041656944	0.0007375215884246166	0.004014569648418132	0.0033276572383374513	5.202472084420151e-06	0.0002667631876647647	0.0005703676562518467	0.002894868032637419	7.75031056377884e-06	0.00011774120018344547	0.0006440663227976984	0.00022434916834754404	0.0015165671722614249	0.0001380489860093803	0.00029509187984444907	6.894581489177653e-05
BPArm[>20 & <=30]	4.683452397458154e-08	0.0	0.0	0.003209393952002415	0.0019033455912722274	0.0007153771964817679	7.006492321624086e-47	0.0013420676628447836	0.0016963352728271274	4.317073035053909e-06	0.0004110152648304677	0.0004818611214250268	2.0088659766770434e-08	0.00015342623445576464	0.001224737786750012	6.662249529114206e-05	2.0933460909873247e-05	1.3022891362197698e-05	8.199492068001746e-06	8.116788292682031e-05	0.0007672015827074574	2.2857355411360913e-05	0.0001662748890248622	2.6857348708695383e-05	0.00013717536348849534	0.0008909088949349098	0.0	1.162568292954802e-05	0.0
BPArm[>30]	8.507881683099406e-08	0.0	0.0	0.0031905677448958157	0.0	0.00011935206652706754	0.0	2.1728295832872392e-05	0.001193435691898177	1.0169194274567417e-05	0.0017261739090926654	0.003080840852926485	4.000663409442495e-09	9.422812195339247e-05	0.0010354142665906351	3.6036169603903545e-09	4.974754119757563e-10	0.0	0.0	0.0	1.1098416143795475e-06	1.401298464324817e-47	6.863488124508877e-08	0.0	9.61478417593753e-08	0.0	0.0	1.36892509772224e-09	1.8474602256901562e-06
CN[0]	7.439169256429068e-07	3.119180045274561e-07	1.7658120725673346e-08	3.5381350826924063e-09	6.841518725986262e-09	0.00657731107380056	1.616586574071377e-07	0.0013869840777635289	9.80908925027372e-47	0.0006489097501738317	3.008202903137525e-08	8.271385236458132e-09	4.4354047208372547e-08	1.879657122521133e-09	5.747896569624058e-08	0.20779871577379935	3.2209833315022253e-06	6.3353073246512955e-09	1.7589209324597733e-08	1.8660615900500942e-07	1.3191452159944107e-07	0.004810761470813034	3.116125146363103e-08	3.5670794993336583e-08	1.0020587946968362e-07	8.51318356254207e-09	8.85979879937382e-08	6.088894977376351e-08	2.1681522589744871e-07
CN[1]	0.00035097761885987566	2.265656077895528e-06	1.3287561593041849e-05	0.00012891396022173153	0.00019709891061072516	0.0015869104905389265	0.0005546169380138366	0.006061545545120879	4.203895392974451e-47	0.5010606843233109	0.0006394192340144505	2.1789223580981343e-09	0.0004459399053299662	0.0003114370494834733	0.004821030212376703	0.0490015237758306	0.0033773876864999688	4.742551660200711e-05	2.6477626575713823e-05	8.920591532543654e-05	0.0006447079414481038	1.9212893418083938e-05	0.00016553576570043068	2.344693536855402e-06	1.0663762381923902e-05	0.0007597114019373991	0.0018180556278249548	1.9584444592415374e-05	0.00021388349144494618
CN[2]	0.0028767756476291884	0.00010330528139547824	0.017899659803914832	0.04480002726859137	0.0049195678694713115	0.003154356815091125	0.0006511347029671682	0.002772478178802434	3.460316074131637e-32	0.2566352603584528	0.016605491702503028	7.434680010192096e-06	0.8820419454574585	0.00907949756649456	0.012178555551670205	0.04622025482912595	0.0016232531000140173	0.0043977284882976775	0.0011356440139900343	0.004161250307371633	0.00462790357182467	0.0008774526472968161	0.005692346412753303	0.0005567396188915552	0.008475588415127733	0.0011859011262257734	0.0014016124024055932	0.0018969587422907352	0.002066277855501965
CN[3]	2.5803082849822107e-08	0.00045163366309090234	2.0802002400159835e-05	0.056165331480309215	0.005081365563564759	0.013698064144598909	0.014307600418127614	0.027223823230102376	0.0029413918274925886	2.802596928649634e-47	0.0034288104840379673	0.002238755050580329	0.005254696547976892	0.5623045822232962	0.010911975967645943	3.1044120163414843e-10	0.022202349654909064	0.04222668724147469	0.05910636389202864	0.008363475376507277	0.006959438233057407	0.03909180672680919	0.004866977881798411	0.04713913002703752	0.013443061859745486	0.016187606179085493	0.020999417050068293	0.012250411140187776	0.011844418192731894
CN[4]	3.13907583737727e-08	1.1994094961664814e-09	0.0	0.0021174591752719605	7.707141553786495e-46	0.1808255541473319	1.1410396837163717e-07	0.004721539687509448	0.17375481706112622	0.0	0.004560294950617561	0.004447764375848241	2.0702128949778853e-07	0.12417743457342055	0.008869916434706197	0.00022838114715241885	0.007113926531982093	0.0013581255010159054	0.0022053128871033323	0.019794968738134456	0.04948535710397351	0.004931157304850311	0.0034491076550328776	0.007979717499170464	0.002662235175474166	0.004090807097236655	0.028295434827096684	0.033851174831220895	0.01851617444614078
CN[>4 & <=8]	9.545721709525167e-08	2.043426832255521e-08	4.815891809784034e-09	5.27207305367483e-09	9.92514865775021e-09	4.269217081844801e-05	2.5499529527905908e-08	0.08053648026772862	0.4519107899069786	2.5369013201270718e-09	5.7571253524457685e-08	0.024105427355558005	6.044714069730617e-08	0.0013442226454661733	0.022524236239108344	5.1244344323464475e-09	0.0012477287109758707	0.0033698542495942496	0.00014194410039767595	3.2532209468932015e-07	6.980573688224467e-06	1.3216578933850087e-06	7.94156296990439e-08	5.218903687875809e-07	0.00029910732485021184	1.71029851945558e-06	4.2709430113198714e-08	3.7006918976345557e-07	1.0695040645064023e-06
CN[>8]	1.1535596664113967e-07	4.40508690857655e-09	1.40530618253365e-10	2.5632665767716387e-10	1.157688167552351e-10	2.713998696890485e-09	2.745347993382552e-09	0.0003219015208782205	0.0028015059905808926	1.664898530151504e-09	1.3353612815514283e-08	0.24379516303539275	5.605193857299268e-47	1.401298464324817e-47	0.0012997027276548145	1.6687928742431523e-07	1.6532152358195161e-09	4.3023237594752575e-08	3.9954563673474956e-09	1.0996152201236953e-07	4.314960051488015e-09	1.9470212837546797e-08	4.203895392974451e-47	7.006492321624086e-47	2.999616597407591e-06	2.98579679866573e-08	1.1210387714598537e-46	2.2725812698354276e-09	2.8025969286496343e-46
CNCP[0]	0.061727411125676215	9.353737513755174e-05	1.0431313270942156e-08	1.401298464324817e-47	1.8292185967327956e-09	4.343332458930149e-05	1.6883671349887663e-10	2.7068214182908167e-05	2.8988548450570304e-10	2.93265003392662e-10	2.3015907402168522e-10	0.0	3.723578878123135e-08	2.805347580903117e-09	0.004181965736293574	0.003977387067119693	5.5682557738023775e-08	1.401298464324817e-47	3.5561814115681044e-09	8.891828215951137e-09	1.8805276198463615e-08	6.046732232789509e-07	2.0109142440105644e-09	3.1352274447726816e-08	1.2008403018626268e-08	1.845850533754856e-08	1.401298464324817e-47	0.0015548037758122747	5.0469359109683863e-08
CNCP[1]	1.2768813562047398e-10	0.018822684634942563	0.09702482149936259	0.38041068002581596	0.2756193144247216	8.407790785948902e-47	0.0812449015193772	0.0022297657281160357	0.01632585622370243	0.1373090800968748	0.3693433623760939	7.006492321624086e-47	0.0015077998657154624	0.045201440852461215	0.004092514412477612	0.00199174209497869	0.09376364357769866	2.0038568039844883e-45	1.583467264687043e-45	0.001443704664707184	0.0019358203001320362	2.1019476964872256e-45	0.0019728171825408934	0.003370879843951116	1.2891945871788318e-45	5.006545140355063e-42	1.5019640045577099e-13	0.006373063288689748	0.00035610662350336495
CNCP[2]	2.216119863229782e-08	1.4199412534665613e-09	0.0027153653752611585	0.0001673367895273259	1.1158506428756709e-05	0.3898303159803618	7.294075699100233e-05	0.01712843937002617	0.0520202775594793	2.802596928649634e-47	0.007656506265223886	0.0008447202004160099	8.106412133201956e-07	0.0030592631837814467	0.043216445272660664	0.20204300103946538	0.06803084931920152	0.00042221868412681827	3.403060421913913e-07	2.9751805220388634e-07	0.0003274831175417603	5.850671129792317e-08	1.8740537029771077e-07	3.474101498923687e-08	0.0034695843784209547	1.774357926905168e-05	2.345609103571178e-07	0.0002079173428845671	0.00042696038426695554
CNCP[3]	2.2521784553974912e-08	3.736804199405697e-11	2.637510321164882e-05	1.0148350355621006e-07	0.0011005303019399548	0.006367829539845502	3.939800450893927e-06	0.1392633861338976	0.02579897911985654	1.967406234371083e-08	0.000379880111474904	0.012799302921942441	4.1096823224506804e-08	0.0023819663764076894	0.02435693555305072	9.975235587884158e-05	0.009012547168109961	5.598261731165621e-07	6.500582358626162e-07	4.5151939339712285e-07	0.00017634068339248188	2.7998487666991423e-07	1.7863895915145103e-06	2.2760062113889033e-05	0.01941237720684862	1.736718155245826e-07	9.954622015584392e-10	1.4760050879589065e-05	3.6950257154444443e-07
CNCP[4]	1.408691010063024e-07	1.0321870486329506e-07	5.787426005099405e-10	7.497687448676516e-10	5.012619567423826e-08	0.00014331535317644973	4.969584868064203e-08	0.06808599509298802	0.013934642715427117	0.0	1.1332206781844434e-08	0.030419901357963682	6.502575899958174e-09	0.000899236798286438	0.007709070304598526	0.0001882407775804391	0.0018081158641518869	4.203895392974451e-47	1.3281486888639807e-07	2.588708932762529e-06	7.911052810527508e-07	2.2566262259715585e-07	1.2611686178923353e-46	3.8686227304740584e-07	3.34312196894615e-05	8.299616112594776e-07	8.45593990916882e-06	3.6928544762337977e-07	4.151068512214806e-06
CNCP[>4 & <=8]	1.4285123833168712e-07	7.627209168137306e-08	7.783566973174061e-09	5.605193857299268e-47	2.790689128673309e-09	4.203895392974451e-47	4.733464248118935e-08	0.06873516991734505	6.371626071996725e-05	6.198989837002955e-09	5.129968485562131e-09	0.10516104806214571	5.752677783021909e-09	0.0008877120375529302	0.0016575289734669242	3.783413360380905e-08	0.0020199209770749784	6.015313118723506e-09	5.2448106459997145e-08	4.203895392974451e-47	5.472328830080641e-09	3.44855350320479e-08	1.2508429847457592e-09	2.4252725765450122e-08	8.407790785948902e-47	6.222410540601686e-08	3.104291437239226e-09	8.080671598520439e-10	9.000298206274238e-08
CNCP[>8]	2.1980445266134297e-07	1.9255762374825734e-07	1.324743584074639e-07	2.1054478594351167e-07	4.914165856462205e-09	1.256210246936007e-10	3.6352339041201276e-08	2.41894586139324e-09	0.0	6.959402616324439e-07	3.885965433880756e-09	0.11202962443232536	1.519696684096524e-07	1.5080914295140246e-09	1.1800754762703036e-07	3.2565217731356637e-07	4.731628681042821e-07	0.0	0.0	1.0496246419577915e-07	8.743719064341349e-09	1.8915415012088487e-09	1.401298464324817e-47	2.6661607224198747e-08	3.0467754665265576e-05	1.1346295991643275e-09	4.678413631609146e-08	1.1299595730207556e-08	3.962258219303294e-08
OsCN[0]	0.034087558335448735	0.0005120408919316771	6.247530691325664e-06	0.00865837388888042	0.03129907673448103	0.008780894196607778	0.008687272813017077	0.00917778950695616	0.06783436192474852	0.0007949135988019409	0.0049653158587079325	0.1627863323688507	0.02082215344071785	0.01195646823870354	0.5455549620650708	0.004474415395816322	0.00165230520053001	0.005065528451984031	0.016038687143321823	0.004389527195606252	0.006144157172750889	0.0072083523018917515	0.0021518939477391573	0.026830838124789095	0.004292207043672708	0.011265913115962598	0.0031933492933288276	0.009311868931673682	0.03797691838908562
OsCN[1]	2.4159305667126316e-10	0.015699612670578064	0.052704707523798786	0.011066079936190363	0.019606031955980686	0.037200624715624145	0.0022713004501422507	0.11260981686413288	0.032515666796825826	0.00018474373966455458	0.01238298223586753	0.01524485522115861	0.005434917799784644	0.045643677373553564	0.014349246794540704	0.04782444903627038	0.0728219161182642	0.011474163516871614	0.0011253966158255935	0.024814617526717483	0.014380417692488793	0.016307419204897543	0.0037322786830191104	0.0051665923473581754	0.040952673689462246	0.011091057258709241	0.0042315814473309924	0.00692858433026231	0.004666349669183129
OsCN[2]	4.593914186834524e-09	8.747558575123549e-05	0.0004906579153612256	0.005775031547673279	0.014861357532790862	0.007296048052085098	0.006096730488352477	0.000300090623441065	0.009105578474061375	0.0006580009764047645	0.010132536296205667	0.00421096109203063	0.00016502252711728005	0.0056778620594621935	0.005693718173598086	0.00022401774316676892	0.0024342418694868694	0.0020687635176710726	0.003073734902501428	0.0025833041126318425	0.0010089067094623452	0.0014592401690924817	0.002446068573193756	0.00576696872241655	0.0037173795102080475	0.0023284215864607374	0.007075865187556623	0.0008458926548701129	0.003920534962826423
OsCN[3]	7.3226570052042915e-09	0.00022632766823562633	0.01431707349140197	0.009259482538327575	0.005338643119116569	0.008438508830731734	7.82943167125404e-05	0.0011110119358636438	0.0011743125013846277	0.0004911836391841007	0.012594649767270311	3.964618252211949e-05	0.0004355555137011595	0.00026223929943739675	0.00032427812304378024	0.01110446792638612	0.009024553317576647	0.000470034668541075	0.00019315319048475197	0.0015395475394188907	0.0013050956861329346	0.002245210643532971	0.0004295533164963672	0.001382202196705211	0.0016440973599310383	0.00020982472963623877	0.002013504038719702	0.001338966406075315	0.00021402170867077075
OsCN[4]	3.72713957563775e-08	5.925276314107108e-06	0.00018934936029836537	0.00490161165187601	0.004531946704955772	0.0016576773730072546	0.0005403130895865615	3.189235460013151e-05	0.0006583173980470789	0.0008622696017567932	0.003444815150287468	0.0	3.798263527698964e-08	0.001049206444242858	0.000354062282324854	3.653584380565178e-05	0.0005892207251599757	0.00011903725466481774	0.0005720829026540741	0.0009480244345377451	0.00028995397304640844	0.00018281279100847313	0.0004077476187280558	0.00026393576275363984	0.00036333916636067443	0.00029402530088447066	0.0017377127791053226	0.0007807334130195215	0.0005383929160052503
OsCN[>4 & <=10]	1.3830457921693018e-08	5.091818980872631e-05	0.0027028937070281245	0.014956469040480442	0.004629997618903872	0.0026044192499261954	4.086855653895327e-10	5.366798024624586e-05	3.405509574804455e-05	0.0033094100857928768	0.011462961257202552	0.0	2.4347447030059755e-07	0.0006472786391469754	1.0359867156495285e-06	0.003156028211541866	0.00021687100525014102	1.2041827366715551e-05	2.802596928649634e-47	4.852385852473162e-05	5.735547511765304e-05	1.1210387714598537e-46	4.203895392974451e-47	7.68519043958804e-09	0.0010142443545225841	1.8193448922829703e-05	1.4551696736475606e-10	8.691551371157402e-05	0.0
OsCN[>10]	5.820274985079976e-08	1.5264701502815115e-09	0.0	0.0035772137531964177	0.00017012529650652474	1.3603470145486796e-05	1.9653535687780278e-10	0.0	0.0	0.0017105718618757493	0.0022226217712159268	5.865561369944317e-11	2.8027600542657183e-08	7.550030997535373e-05	3.308154674641628e-09	1.0885894852208367e-09	1.208414754039211e-08	0.0	1.2162906205048784e-06	0.0	3.3006816124725448e-09	3.1781024881638588e-06	5.064234719611704e-06	0.0	9.562725429784535e-05	0.0	0.0	6.01413735055023e-05	0.0
SS[<=2]	7.817641676233222e-08	2.13381787118383e-06	0.0	6.391803639530735e-05	0.0	0.0002046272849588604	8.766749899677962e-06	0.0005909801879897714	0.001936312757025007	8.812648502498632e-07	0.0020601359506724746	0.0014292975536079667	5.726126232730167e-08	8.822544418762845e-07	0.0004537149177926381	1.2116194188251939e-05	0.006557789747603238	5.429614662602944e-05	1.1291754202602532e-05	5.132298242834565e-05	2.1188560922382748e-05	0.00048453422799894953	4.344025239406933e-46	0.00025012389453645814	1.401298464324817e-47	5.5592991416233417e-05	0.00018990503807003734	0.00027637954802230526	0.000546181159602952
SS[>2 & <=3]	2.0161453804234952e-07	5.181959558786531e-08	1.0970489533468353e-09	1.82884231840319e-06	0.0	4.471971039157197e-06	4.70507046657076e-10	0.009270298309594764	3.550777412087597e-05	1.401298464324817e-47	0.010588765087393419	0.0017560087042807026	8.407790785948902e-47	0.0	4.2264870069104174e-05	0.00024678214320847933	0.05733027346432209	3.8071094081715274e-08	0.0	8.372284763879633e-05	1.401298464324817e-47	9.37376123033573e-08	7.006492321624086e-47	0.000153231639397724	2.5140592185834974e-08	2.115632469212869e-09	1.8187631098953716e-08	5.06773724652021e-06	1.119178281811628e-05
SS[>3 & <=4]	1.3064574213128567e-07	1.2814915735237519e-08	2.802596928649634e-47	7.871767954874542e-06	3.0036810536679858e-06	1.084646675735712e-05	8.09116869504578e-08	0.0335894692774378	1.1125538123479828e-06	3.3157947285644694e-08	0.056334712455006014	0.0001205273351224561	1.1184128823060746e-08	1.1197050208267002e-06	0.00010789523514052635	0.0011708677756049246	0.24059923279600184	5.8854535501642315e-46	1.2011379968688858e-06	1.2602920992321741e-06	2.9130275947863993e-05	2.2111767816568317e-05	5.12714569254058e-06	9.404532050893976e-08	8.360577693977688e-07	3.1247773024176694e-05	1.594599154977061e-06	0.0002098634026685886	1.8999561291366262e-06
SS[>4 & <=5]	8.345659248121252e-09	9.650231902469386e-10	0.0052284132134836625	0.02190448953648229	8.015265688300132e-05	0.02631407487282786	0.00018474790340691882	0.005022724358521089	0.002739223310372978	0.0006614732275263436	0.36126680687069895	0.06044526942074299	9.505725728331527e-08	3.0795022030360997e-06	0.0024522818585001717	0.034670649981800354	0.05779937353735989	0.000125653843670932	0.0009329915643513687	0.0003849231141157361	1.1216687312298745e-09	0.0015900756884612538	9.494570804235991e-08	4.0978022732396367e-07	0.06899450866286884	0.00791241991143238	1.1630777253895981e-45	0.01052497364693058	0.0034829776995667317
SS[>5 & <=6]	2.744474247862172e-10	0.006174936553038606	0.0051268582866455005	0.24771541573107242	0.0028495634952560066	0.11701816864311695	0.001934255444132873	0.009165409537963569	0.034635228176429535	0.03737144703685954	0.042171855235937986	0.12274444796377793	0.0005248878896236419	0.0031400218233466146	0.05859806422707031	0.012572690556025919	5.324934164434305e-46	1.1770907100328463e-45	0.0033503024789615695	0.001394113688739651	0.00011136747706586902	0.0012471589352935552	0.00031283985523487	0.0193646958119777	0.0007161057045366004	0.002813588523894168	0.003988639528070128	0.002384719207430983	0.00869123226163822
SS[>6 & <=7]	1.5893416360768241e-10	7.006492321624086e-47	0.0056065881159156564	0.09848511770222103	0.2882935360074043	0.08401638469762443	0.012630797579714682	0.13945847786962987	0.016240387356107125	0.003291140419257772	0.0005864900350570679	0.025828984178369863	9.573298068602962e-39	0.0054968278831165306	0.03982237076463207	0.04442395634308412	0.00970191303244974	0.004085789251393806	0.004092645506346173	0.0016219581810946694	0.01107548854879694	0.0028871182468719796	0.024790661263204262	0.002184874390732148	0.008436300954893455	0.004883447720542336	0.011207979297962063	0.0030374082418120453	0.003735545109418794
SS[>7 & <=8]	0.01930548941367306	0.05069186294451356	0.16326102219521998	0.0051268721479528516	0.06432749515399337	0.012468015068403351	0.13967310020700097	0.043534574074437844	0.0032970666821347553	0.009929854732119554	0.002840020102896643	0.0009210473298164348	0.02117607533338731	0.016099806644488335	0.007830934851831443	0.04486403768416494	0.008595178671240246	0.029790081572718917	0.02582722392457244	0.04962586938767458	0.042127524253066546	0.02165474619117693	0.030894314059987948	0.019156328275577197	0.0016208440066839103	0.026951955685815973	0.012022146180844812	0.021461884101119728	0.008656151520390266
SS[>8]	0.031349218538908874	0.025712001314024492	0.00010930411939597207	1.8948007207697515e-09	0.0	7.712178451413365e-11	0.0021306731162263758	0.0	4.5280343918818746e-11	0.0	4.3556795459309686e-09	1.401298464324817e-47	1.4269821093648716e-08	1.401298464324817e-47	6.811611863533073e-07	0.0004468269641711231	0.0	3.0749814072805746e-09	0.0	4.459498104125714e-11	6.0365039189491655e-09	2.802596928649634e-47	0.0	0.0013499581400311911	1.486265375660878e-08	0.0007634739577770234	4.56902455425734e-09	0.0002544065132894957	0.0011275343950302385
NC50[<=2]	0.0017037744994740933	3.662689415534715e-05	0.0	1.856203368788556e-09	0.0	0.0	0.0	0.0	0.0	8.017063279908143e-10	1.8699275871680853e-06	0.00011949776911784226	1.4713247264985796e-09	0.0	0.00012229096681462437	5.821675527840853e-05	6.48641185208021e-11	5.448481628889112e-06	1.3714815025878125e-08	8.510767202096758e-10	0.0	1.7834593819543442e-07	3.838878810995539e-06	0.0	5.783150469284237e-05	1.3651344289655752e-07	6.889653292319054e-11	4.020740740628526e-05	2.056487281237196e-05
NC50[3]	0.00038434305391291443	0.0007746353021047981	4.405338404467329e-06	9.758985719265923e-07	0.0	0.0	0.00020619327980190506	0.0	1.401298464324817e-47	1.0504643338529184e-05	1.2638479528082058e-06	7.925989108050757e-05	6.451810793173251e-08	0.0	3.429979869823185e-05	1.1296097363810987e-05	0.0	1.1529977683721882e-09	9.94042150949781e-06	1.6757708564796304e-07	2.058889949694276e-06	1.0114492051798151e-05	0.0	2.755376422882705e-05	1.3019809389689384e-05	1.5906057833490194e-05	1.448198634712128e-05	1.9575680905692393e-05	3.356578410603106e-05
NC50[4]	5.960252987584625e-05	0.0013773660898732487	8.269953892352078e-05	1.1855228240165162e-05	0.0	0.0	0.0004226139882305446	0.0	2.802596928649634e-47	2.2870206743608178e-05	2.170334626470094e-05	2.5916916597577e-05	5.111402042530245e-06	4.042713553644716e-06	2.8989561087655604e-06	5.583106481935829e-05	3.199886094080284e-05	0.0	0.0005967978480313718	2.111692128892173e-06	5.371291190385819e-06	1.3802215980831534e-05	7.640548865310848e-06	0.00010954968255276754	5.29888435266912e-06	0.00012908523598639476	0.0	8.623807883850531e-05	2.8867179935332388e-06
NC50[5]	1.2188976302986988e-05	0.0008605653023005289	0.00038539164330472883	6.776936588792636e-08	2.7842608687933536e-06	3.0055467735508046e-05	0.0004598902333964361	0.0	3.86897342013981e-05	0.0	4.073757924132337e-06	0.0	5.496237646696045e-06	2.846954361302778e-05	3.684362513013184e-05	6.295835057430921e-05	3.27396623470122e-05	2.293672881933162e-05	3.87354230042547e-06	1.1878945624630432e-05	0.00011482014300327136	4.39210698914394e-05	0.0001737033820231204	0.00011422227704315447	0.0	3.2229626922344325e-05	7.845790423729681e-05	0.00012688189783716553	3.5445417532239526e-05
NC50[6]	1.3858109843383204e-05	5.8506101812199064e-05	0.000934749766602181	7.5667436255666406e-06	4.5818032072020286e-05	2.5403735816240668e-05	0.00048628969547280575	0.00010295487588706465	1.9192793792797148e-05	0.0	1.3393680565059185e-05	0.0	2.2168874965018402e-05	0.00026793893941132294	8.134909659020195e-05	9.997832537521845e-05	3.8015834288671616e-05	0.0	0.0	6.324503353710042e-05	0.0004099538068143188	3.60895526796412e-10	4.594543279381469e-05	0.00020940612162021922	0.0	0.0	0.0005117870409962322	7.661735436713002e-05	3.6468265261646596e-05
NC50[7]	4.8473728296727356e-06	3.8938936684473905e-06	0.00014602587449189742	8.052200519159669e-06	0.00020524367219920236	9.882552250928712e-05	4.490474628411789e-05	0.0001464347591861781	1.7847567651188e-05	1.0608228890873761e-08	1.982360612601042e-05	0.0	2.745560852787321e-05	0.0004909849819523515	0.00015746106833560702	0.0006108383303853771	9.127321374450048e-05	0.0	0.0	0.00014985728678766465	0.00039035706933646	5.661318078637123e-05	3.769269402255304e-05	0.0001059353451716305	2.0363698131404816e-05	4.544032737612724e-05	0.0002021108548725792	0.00021428795746544438	6.536978072459565e-05
NC50[>7]	2.347208117498667e-05	4.073557471304667e-06	1.816482077678927e-06	1.5901239295235126e-07	2.3802708559195197e-05	3.0203729529603152e-05	1.6996899432797363e-06	3.995631983388037e-05	7.882584759499878e-07	2.1941807408243364e-06	6.1208492843434214e-06	0.0	3.399917438741795e-05	7.900891123869602e-05	7.559784236120137e-05	0.0002921094168191729	1.6436227603371378e-05	1.9586091859480349e-10	0.0	4.854452305319334e-05	0.000234217071851468	4.5856371448325104e-05	1.3297363184392452e-05	7.579619557478878e-05	1.314314344860179e-05	1.7432357417419553e-05	3.952587560988263e-05	7.690997560546365e-05	5.5271114873916e-05
BoChr[1]	2.0982515220416158e-07	1.4853580216680484e-05	0.0004692003416999029	0.00011720731136895561	0.0002592267822655026	2.7312061361670707e-05	8.26228859696343e-05	0.0012719027854391596	0.0007478992283211842	0.0005482414227459466	5.7892582301378154e-08	4.8693859284181484e-05	8.559915973688014e-08	8.9299059871567e-05	5.0425124585275e-05	0.0008681129280629918	0.00010334274640066641	0.857181353867054	2.894852729120128e-06	7.937591645831827e-05	0.0016835232293782654	0.0003953840371024945	6.978812866861528e-05	1.663397600807137e-05	0.0003180416597495571	4.806250328509125e-05	0.00028247966719875873	0.0002199916567845948	0.00024461357102875973
BoChr[2]	4.22029098433363e-06	5.310489770948834e-07	0.0015685373881381838	0.0010954115254285047	0.004922251270676128	0.001807181958021902	4.752339651950877e-05	0.0011166964247707955	0.014810492694977003	0.0018249837458591855	0.0014707942484281137	1.184707692104825e-07	4.701035184240254e-08	0.00785945955512929	3.187629643076893e-05	0.009487510884501447	0.0010624338566337598	6.939423913578935e-06	0.00010822269522648753	0.05748554733693558	0.3739234801414386	0.00010207435577157753	3.00341597572668e-06	5.633384273906472e-06	0.004312687426100474	8.253847205708153e-09	0.00010906335996845761	0.0005213220352842995	3.2689984053035916e-11
BoChr[3]	2.996698949125726e-07	2.370293194857709e-06	0.0005281604874636514	8.736314996491085e-05	0.0011764122545876265	0.0001846364821046699	5.972506499745123e-06	8.011463387776099e-05	0.004896186510524232	0.0016697026569646313	0.0010143000983920826	1.0599481035324532e-05	1.8469691069137658e-07	0.002257959080240979	0.0001809315647860967	0.004077064913015765	0.0005074969302125579	3.710469820052964e-06	3.4565210381742873e-06	0.5527520489544986	0.008112775599735705	0.03949847653053897	0.012287807879664641	9.547004531889059e-05	5.069625279217505e-05	6.200768525040578e-05	0.0005399731904426045	0.00013578013981787058	2.7356002396281555e-05
BoChr[4]	1.644369745346097e-07	1.6101025547570204e-05	0.0008714626231134459	0.0003764266317295029	0.0006938204173808237	0.007027106311988501	0.006599645527669189	0.002641705398923737	0.0027654488093234986	0.0020950058370962977	0.003993726269992826	0.0003964163680016597	2.051087582656471e-05	0.005032996018305356	0.010990956656828721	0.007875072925503584	0.006445113312323958	0.0024087397517207365	0.0008147215159162055	0.00013969395745612535	0.0353438246823386	0.03895873145217095	0.06329452328597573	0.00958258698194249	0.00013152881150278902	0.006051982276198648	0.07300962922428793	0.16539805195877327	0.022611787780764538
BoChr[5]	4.2200038280704177e-07	1.4672602761365283e-05	0.00036445880576071234	0.00021281879554531092	0.0009227801114323774	0.0003740808796585277	0.0001914124203599954	0.0010096770494285676	0.0028329099826736497	0.0005930391816435788	0.016478125085656003	0.0008110601732198682	1.9640502087224344e-05	0.006217133222883117	5.4907467022680126e-05	0.002917675644602475	0.00017492763586012038	4.275181891189035e-05	7.242381379749382e-05	0.02002586881695906	0.007894191701212394	0.08819909776648224	0.0081416653788626	5.233792945857243e-06	0.03528998837119527	0.007663097350095463	5.539951203890538e-05	0.4006764907933264	8.218096380409103e-06
BoChr[6]	3.940544987657973e-06	1.450270190250791e-07	0.00038593829988634807	0.0016862419962735825	0.000509003652523422	0.0030745846024098312	2.452750768888734e-07	0.0011557714512745532	0.002440820600341657	0.000917432547496416	2.565571938387451e-07	1.8473948372551116e-06	7.852367476307117e-08	0.0031296871450656673	2.911317945174081e-06	0.0007655209417948683	1.7940617482211566e-05	6.739230543167073e-05	8.417180724906714e-05	0.0001857608076328528	0.00046777737062182826	0.0001736193341598869	0.6521953891939484	1.4169047952068726e-06	0.0028852436659762347	0.021245271977836717	0.0006258256632030392	7.923420664619315e-05	6.689637594860414e-06
BoChr[7]	1.2904662634927177e-06	3.3590460227017615e-06	9.302026172909094e-05	9.625560159935776e-07	2.9091481934617745e-05	0.00035767845029665055	1.1928530780487306e-05	0.0001881425762893469	0.0025809655723096816	0.00013816930890153656	1.7759417899263497e-05	1.490165732306317e-06	4.037716401848988e-06	0.002157314659907505	6.563294259448177e-05	0.0014846565790966081	3.8404537192214263e-07	0.006834199982860543	9.892680378901772e-05	0.0023470344300127377	0.0020143743152119266	0.5741621325910091	0.009169676539903025	3.687471190419503e-08	0.00023415587436611003	0.019223203128987572	0.00020153861016300863	7.587803438359311e-05	1.3737758607412139e-05
BoChr[8]	2.0917217328442205e-07	1.4649694849211414e-07	3.321359963819326e-06	4.947019299767156e-06	0.0008818644971629688	1.0665070592429458e-05	3.1289694170766323e-07	7.542981932973078e-06	0.00045295608482860667	1.6565852203941961e-06	5.271955033068471e-06	1.05754744361354e-06	3.5289779884814375e-08	2.090044801932521e-08	0.0001363520596807171	0.0001891935412644141	2.1009708452174022e-05	2.8103794356567346e-05	0.7722222954034805	1.8441667059877314e-05	0.00029608548977224443	4.920594361473313e-05	1.8895470374168592e-05	4.1846867096751444e-06	0.000255910762000352	5.143320382578429e-07	3.2191325602742707e-06	2.3914533543126704e-05	0.00025333924410817047
BoChr[9]	1.8371310524400998e-07	6.087688809347736e-05	0.0005692633365275502	0.0005139199740139851	0.0003625762863218163	0.0005232122532797235	0.001091129043118233	0.0012459749332899431	0.003434984027624768	0.001735206574467818	0.0009014747083182933	3.2691905528278164e-05	4.471954357761675e-08	0.005256359423733004	0.00015001469770435638	0.013326734559344437	0.00011827199514999887	0.0001473778392037417	3.107770262416544e-05	0.0070130567328839976	0.000276566889983787	0.01448034660295961	0.009801676808804864	0.022098441621371093	5.4308291814635365e-05	1.980277812024128e-05	0.34995703666936606	0.0011805482855676115	0.0004532850716197068
BoChr[10]	6.429757523366622e-06	4.588569442837809e-05	0.001203628726516577	0.0006485315500293565	0.007039900650245947	0.005884829675012846	0.011879168995706095	0.011364125943613175	0.0017865842959574288	0.002986021154864111	0.0018057491055681752	3.136000172461158e-11	6.344799693646542e-08	0.01293464660169188	0.012373288752781044	0.009881773869695359	0.04007310760155668	1.5495618798046963e-08	0.0044815436210442995	0.023509941558254255	0.06930400345097329	0.003107984716399654	0.028902763949017755	0.002955139168924461	0.015547419825927928	8.19714311500519e-06	0.018257588487214916	0.05922705265806643	0.0027372165779594583
BoChr[11]	2.3622799360900615e-06	1.6194373451128285e-07	4.928806838400135e-07	4.41498730882318e-08	0.000349978103866813	0.00016020346337837472	1.1937447856880113e-07	0.0003168453438654698	0.00017416308765279813	1.2570777334786616e-07	2.6227601420435622e-06	1.888549809578507e-05	4.278756642531432e-08	1.2741904207811141e-05	5.0470343053543025e-08	0.0010947424835552693	1.7692002767546122e-06	0.004000658513620893	1.575135453449513e-08	9.315737123238757e-08	1.7251885128896076e-05	0.00014363135675916227	2.4867733411481075e-07	0.00010566160608096276	0.00864087858871612	0.7724886545538903	5.0187894658331453e-05	2.7878519844899615e-08	0.000366022847741678
BoChr[12]	5.41274642180678e-07	1.3898729460644076e-05	4.828048305253855e-08	0.00024148530726467944	0.00010136960241547754	0.0006543507645910536	7.844621821462283e-08	5.645538105831793e-06	0.00021032984179367574	0.00042044001079563875	3.1457928892557467e-06	0.006621068596112016	2.263263149636877e-07	0.002444902820442444	6.899001334520178e-05	0.0008810407829138631	8.440972974753975e-06	0.00535297488404721	3.5992668872886213e-07	5.3962739242831176e-06	0.0007538357647351574	6.494600401600637e-06	5.202833074744906e-05	3.1477963924605003e-06	0.6996397405862809	2.4580127998011746e-08	2.375605299983857e-06	2.8016740960512535e-05	2.47346443043066e-05
BoChr[13]	1.4605607211537475e-06	0.0004128508328192392	0.00041609261324307667	0.0010411831243458103	0.0003454823106954219	0.008193319589191634	0.0043676708481260465	0.00202974827649717	0.0012771848257087015	0.0032610047547665193	0.001212508612766463	1.3142684052169784e-10	1.4053839695478615e-05	0.009094870648387116	0.005507797280617436	0.008593825992059474	0.03903795161299624	0.00010232159405447305	0.0002109628516427442	0.009805379959964302	0.01502167992220924	0.0355978436529046	0.02444914938498428	0.013427006902691305	0.00012546333252508868	3.2630210625939073e-07	0.027314191604777188	0.04975551130723105	0.030728744788075347
BoChr[14]	4.710956727198458e-05	0.000341017686586369	0.0009738088068838558	0.0010782316289092363	0.0018159502339179312	0.00332099185300649	0.0013963115448652275	0.0027390692822632447	0.0018034125230826704	0.000783684299882843	0.0012583853617970605	0.0001085021516875706	0.005300114598256016	0.01282021747581382	0.019408607735657148	0.005818279321120085	0.0035938260091121776	0.0007755618322282133	0.00047274866876335865	0.011692965479708163	0.10079340688850123	0.0038119336235283895	1.6255811601695314e-07	0.01756420481353347	0.008782487639985988	0.004489840026071761	0.04119225878670932	0.025968805799308044	0.01918762255117471
BoChr[15]	2.820544613729714e-07	0.001797668830725712	0.0007283837845127806	0.00027290828361735463	0.0024034104426387424	0.004161197126553556	7.918361954487806e-05	0.004763624476390476	0.0016047206517937696	0.0005573063946763313	0.00038272986701120003	0.0001416888548705586	0.004000109476939855	0.0058589273038781985	0.010332201030263076	0.003122149317954088	0.0042839598141767524	0.0004987216981118081	7.006492321624086e-47	0.023061220281359835	0.048959274199964396	0.005318218894013862	0.006494088964133056	0.01930454607080435	0.001525063874910515	0.003648266015165973	0.051625953585080424	0.011484739483144324	0.0074412081785311555
BoChr[16]	2.5783108414945133e-08	0.0018267700608069859	0.004572090647454347	0.001768250435088703	0.0013611700279788862	0.002907539234272974	0.0020622476825018056	0.0038496128707728827	0.008378876911156113	0.0007796817521307275	6.424739491194487e-05	7.727153715677559e-05	0.00016998662147670984	0.02943543354282383	0.016859839319297406	0.010747365999294614	0.0004968716436997056	2.802596928649634e-47	0.00021463863467033662	0.010871407777740387	0.0022656787986863945	0.00031644169241189956	0.0030817339846498726	0.014658573794747269	0.000266090997107824	0.007429174593709149	0.019386679987419483	0.007792831369442865	0.012405621665115198
BoChr[17]	7.951449025656032e-07	3.7552197424517456e-07	1.2659192705655186e-07	1.077347597571866e-07	5.1899005875100104e-08	2.997426105600157e-08	4.007235122549524e-07	0.00014228809115052123	1.7645804381988397e-06	1.9848095206087633e-08	6.4422537268291e-08	2.9463888918687467e-05	4.7958640420639385e-08	2.2744633596376676e-08	0.00024392362789635243	1.769195590517808e-06	1.535028731676775e-05	0.004341412322475983	0.020477885752571253	3.2863171921344626e-05	9.236145601193702e-07	1.7869463124753773e-08	1.3852269625497072e-07	0.000379205725088284	0.004252017031023841	0.02615438409716267	0.001286242621252512	2.9426658510787896e-08	0.6755694287854925
BoChr[18]	6.254735246447041e-07	0.003535854735155315	4.704584770642839e-09	0.00031047837246923394	0.000833267275977079	7.877345200835003e-06	0.0006101978358750859	0.00018190341244158858	0.002623295843049138	0.0006244209933042289	4.4455177192759265e-08	6.873549043760363e-05	8.111267357335806e-08	0.00011524845235712178	0.010493056217709303	0.0010126570846419347	0.00022294202738422088	1.883389317569598e-07	2.756159211969589e-10	0.002927128848521132	0.030239201135474927	0.027309646548800578	0.010645972429963423	0.11493202035818233	0.009395908627779139	2.1904629682505396e-05	0.11022421523352108	0.022002006732798163	0.0026275559012984523
BoChr[19]	8.42192761888565e-07	2.0986381423782064e-07	0.0002629071797072034	0.00021636460589220973	4.546582021893286e-05	8.56929943893192e-09	0.00025246706848962573	1.829449168457842e-05	0.0070351347917210205	2.028369678281905e-06	7.385688877281637e-07	2.9068202207063187e-05	1.0955967558903268e-05	0.0008896666256480934	1.645535452020397e-05	3.68928083115172e-06	9.403424309638396e-06	0.002162966756223648	4.647281180325535e-08	0.017716169541860564	6.786812293313461e-07	0.014759397050353158	0.010867949369850081	0.25672855873578504	3.8233123040454234e-05	1.9856307176269183e-09	0.0104533319857957	0.007649067024828055	0.021532644560120603
BoChr[20]	9.808052069182338e-08	0.00013687236567978987	0.00013934126220561895	0.00013482696809472117	0.0005200175606120857	0.0035897155985549034	3.82392388360131e-06	0.0005210794327935631	0.007046764308832394	4.575778738669101e-05	2.1643678955927754e-31	0.0004253833491412094	8.370607460506108e-09	0.011068242635330272	0.003726920842611081	0.0009116075532597633	0.0036603295756521704	1.4901606277817337e-08	6.819438176517423e-06	0.036777557639404525	0.0030308563207049133	0.009124966247859878	0.021187405673338162	0.09647069586009796	5.7019887213201056e-05	0.0020648326309359887	0.04740078255447586	0.02988755231167379	0.0004879910948084214
BoChr[21]	6.8498706131592255e-06	0.0023580336004362956	3.3669941501557335e-10	6.092819113518999e-06	0.0007025031686951522	0.004013221218693701	0.003679085643750568	0.001305153852060812	0.0019201017603826642	0.0006596161986030059	0.002605890676016145	0.0005729776178400403	0.0018231698960859077	0.0009354591132859014	0.013266605840231947	0.0006523992996005745	0.022924741823769638	4.28798608481884e-05	0.00011337704183461028	0.020006524343671686	0.024031107047214135	0.003696528077612129	0.0062431371332708355	0.042861232978713415	0.004460727696732647	0.0017010230050254905	0.021751492634909938	0.008105470067967063	0.00668344662436136
BoChr[22]	1.2113139498151072e-05	0.002472497725789147	0.00012313481658871695	0.0003651568326746535	0.00012955120180834	0.0004481989428259503	0.0005346028661216096	0.00011419364011089784	0.0008619747865876093	6.681398565291374e-05	7.212626147492074e-05	3.761899958139025e-05	1.3055051335371104e-05	0.0004924888138000938	0.009391782364386075	0.0008210261502500416	0.001019757190302606	0.0001742821186117306	2.1896496036788448e-07	0.005908928238856816	0.02506312773461673	0.00031566725723058297	0.0031113787205163477	0.07611646099837614	0.002461398243904114	0.0008605319730162458	0.06768073216386673	0.0029470774704657286	0.008272640057770673
BoChr[23]	0.0007953571666283154	0.0001272169247610401	2.825264251846704e-05	0.00036978342405072254	0.0023542206668471623	8.237919955611516e-07	0.009175442447892123	0.014412070738452697	0.0005896903542466525	0.004795922939115699	0.00912048590956637	0.00061687221916711	0.008346375973748649	0.0029802617141666985	0.008246320016205603	0.0015174307453636971	0.14711334970877885	1.5815513720536244e-05	5.98532570249688e-05	0.04359130658874864	0.05732782284787733	0.009649156620996831	0.0025391620221862253	0.0064947098086531345	0.011106849506414766	2.755894147106197e-05	0.004944656505957927	0.011790117481989899	0.008485801461008328
