MutationType	SBS80A	SBS80B	SBS80C	SBS80D	SBS80E	SBS80F	SBS80G
BP10MB[0]	2.76E-04	2.30E-04	1.72E-03	1.21E-03	1.36E-03	1.89E-03	4.41E-04
BP10MB[1]	2.65E-05	8.10E-04	2.65E-04	1.18E-03	4.20E-06	1.23E-04	8.75E-05
BP10MB[2]	0.00E+00	7.65E-04	2.30E-04	3.86E-04	4.96E-04	1.00E-04	0.00E+00
BP10MB[3]	1.26E-09	5.83E-04	1.71E-04	4.91E-04	7.09E-05	1.69E-04	4.85E-05
BP10MB[4]	4.03E-11	2.08E-04	0.00E+00	2.77E-04	8.66E-05	6.46E-05	3.93E-22
BP10MB[5]	3.15E-10	1.38E-04	0.00E+00	1.76E-04	3.88E-05	4.19E-05	2.61E-05
BP10MB[>5]	9.96E-10	4.56E-04	0.00E+00	2.27E-04	6.54E-04	9.53E-06	1.30E-04
BPArm[0]	7.78E-05	3.03E-05	1.48E-04	5.47E-05	8.59E-05	7.15E-05	4.41E-05
BPArm[1]	1.67E-05	0.00E+00	4.44E-05	1.78E-06	1.73E-10	0.00E+00	9.40E-06
BPArm[2]	4.65E-05	0.00E+00	9.74E-05	2.77E-05	4.18E-05	1.13E-04	1.92E-07
BPArm[3]	1.98E-09	4.61E-06	3.72E-05	3.59E-05	4.56E-07	2.09E-05	8.20E-06
BPArm[4]	1.04E-09	0.00E+00	3.63E-05	8.11E-05	5.58E-05	5.30E-05	1.25E-06
BPArm[5]	5.91E-10	3.54E-05	3.20E-05	7.64E-05	4.50E-11	1.96E-05	2.61E-06
BPArm[6]	3.28E-10	1.83E-05	2.12E-05	5.41E-05	5.01E-05	2.88E-05	3.86E-06
BPArm[7]	5.65E-10	5.55E-05	2.08E-05	8.18E-05	0.00E+00	1.69E-05	5.30E-06
BPArm[8]	3.07E-10	4.29E-05	2.78E-05	3.50E-05	4.26E-05	2.04E-05	0.00E+00
BPArm[9]	3.68E-10	4.84E-05	1.81E-05	5.53E-05	7.12E-06	1.69E-05	4.21E-06
BPArm[10]	5.34E-10	4.24E-05	1.47E-05	2.76E-05	2.61E-05	1.84E-05	1.32E-06
BPArm[>10 & <=20]	6.34E-10	2.37E-04	0.00E+00	2.87E-04	5.46E-05	7.04E-05	2.65E-05
BPArm[>20 & <=30]	1.32E-09	4.03E-05	0.00E+00	1.15E-04	8.08E-05	1.26E-05	1.76E-05
BPArm[>30]	2.61E-09	8.05E-05	0.00E+00	2.76E-05	1.19E-04	0.00E+00	2.89E-05
CN[0]	3.82E-06	0.00E+00	4.03E-05	3.60E-04	1.94E-04	1.42E-04	3.55E-06
CN[1]	3.22E-05	0.00E+00	3.08E-04	6.43E-03	5.42E-03	8.97E-04	2.74E-05
CN[2]	3.98E-05	2.23E-04	3.21E-04	5.67E-03	4.35E-03	4.78E-04	5.16E-05
CN[3]	1.60E-05	9.89E-04	7.72E-04	5.24E-03	4.15E-03	7.33E-04	6.86E-04
CN[4]	7.61E-10	8.81E-04	1.61E-04	1.05E-03	1.21E-03	3.64E-04	2.83E-04
CN[>4 & <=8]	6.21E-10	1.19E-03	3.39E-09	1.16E-08	5.22E-04	5.66E-04	6.08E-04
CN[>8]	4.51E-10	2.75E-08	2.91E-09	1.91E-09	6.43E-09	1.28E-09	2.43E-04
CNCP[0]	7.94E-05	1.41E-11	0.00E+00	1.11E-11	1.12E-11	1.21E-05	0.00E+00
CNCP[1]	0.00E+00	1.39E-03	9.31E-04	3.10E-03	1.50E-03	6.28E-04	1.67E-04
CNCP[2]	0.00E+00	9.86E-04	1.81E-04	2.65E-04	7.18E-04	5.24E-04	6.39E-04
CNCP[3]	2.27E-09	1.59E-04	3.10E-42	3.66E-05	2.74E-08	2.91E-04	1.00E-04
CNCP[4]	1.57E-09	6.40E-05	3.56E-10	0.00E+00	0.00E+00	6.75E-05	7.31E-05
CNCP[>4 & <=8]	2.04E-09	8.38E-06	0.00E+00	2.10E-10	0.00E+00	8.78E-05	1.88E-04
CNCP[>8]	4.51E-10	0.00E+00	2.34E-09	6.66E-09	6.73E-09	3.86E-09	1.32E-04
OsCN[0]	1.17E-04	9.46E-04	2.53E-05	2.04E-03	4.39E-04	1.86E-04	2.36E-04
OsCN[1]	1.23E-05	1.32E-04	9.80E-05	5.35E-04	4.65E-04	1.58E-04	9.76E-05
OsCN[2]	4.02E-10	8.41E-05	3.80E-05	2.58E-04	1.47E-04	1.53E-05	3.34E-05
OsCN[3]	7.30E-11	1.57E-04	4.29E-05	1.95E-04	4.70E-05	6.24E-05	1.93E-05
OsCN[4]	5.97E-10	2.29E-05	1.23E-05	3.15E-05	4.15E-05	0.00E+00	3.98E-07
OsCN[>4 & <=10]	4.21E-10	1.58E-04	0.00E+00	2.57E-04	6.42E-05	4.64E-05	0.00E+00
OsCN[>10]	1.01E-09	1.02E-05	0.00E+00	6.12E-05	4.03E-05	7.62E-11	3.45E-10
SS[<=2]	3.98E-09	4.50E-05	1.68E-06	1.12E-08	4.35E-05	1.48E-05	2.30E-05
SS[>2 & <=3]	2.12E-09	1.35E-04	0.00E+00	0.00E+00	1.36E-04	1.08E-04	4.56E-05
SS[>3 & <=4]	1.18E-11	5.51E-04	0.00E+00	4.50E-06	6.96E-04	4.92E-04	1.08E-04
SS[>4 & <=5]	0.00E+00	2.09E-03	1.48E-04	5.75E-04	2.31E-03	1.07E-03	1.99E-04
SS[>5 & <=6]	4.92E-06	2.74E-03	2.12E-04	2.46E-03	1.41E-03	0.00E+00	4.97E-04
SS[>6 & <=7]	0.00E+00	4.26E-03	7.82E-04	3.23E-03	1.50E-03	1.47E-03	3.80E-04
SS[>7 & <=8]	3.25E-05	1.13E-03	2.30E-04	7.48E-04	6.27E-04	1.65E-04	1.42E-04
SS[>8]	3.64E-05	3.97E-11	5.77E-05	0.00E+00	1.48E-10	0.00E+00	4.89E-10
NC50[<=2]	4.28E-06	6.55E-10	0.00E+00	1.62E-10	1.43E-09	0.00E+00	3.19E-06
NC50[3]	3.00E-06	4.76E-07	3.49E-06	6.94E-08	1.61E-06	0.00E+00	3.85E-06
NC50[4]	3.49E-06	1.52E-07	7.26E-06	4.74E-06	4.68E-06	0.00E+00	3.05E-06
NC50[5]	1.57E-06	1.15E-06	5.48E-06	6.54E-11	1.13E-06	4.80E-06	3.54E-07
NC50[6]	1.01E-06	3.12E-06	8.08E-06	7.62E-06	2.69E-08	7.02E-06	0.00E+00
NC50[7]	6.98E-07	6.30E-06	4.85E-06	1.17E-05	1.10E-06	5.80E-06	0.00E+00
NC50[>7]	7.12E-07	1.36E-06	5.61E-07	1.84E-06	8.55E-08	2.50E-06	0.00E+00
BoChr[1]	4.62E-06	3.42E-04	1.52E-04	4.24E-04	6.18E-04	1.14E-04	1.19E-04
BoChr[2]	6.36E-06	3.60E-04	9.97E-05	5.50E-04	1.89E-04	1.30E-04	0.00E+00
BoChr[3]	5.07E-06	1.83E-04	6.90E-05	1.41E-04	1.92E-04	1.23E-04	8.83E-05
BoChr[4]	8.95E-10	1.51E-04	6.31E-05	1.87E-04	2.24E-04	8.60E-05	8.44E-05
BoChr[5]	6.96E-06	5.86E-04	2.13E-04	8.82E-05	4.54E-04	1.37E-04	8.88E-05
BoChr[6]	4.77E-06	4.53E-04	1.69E-04	4.25E-04	1.98E-04	1.69E-04	9.04E-05
BoChr[7]	8.27E-06	6.49E-04	1.59E-04	5.48E-05	6.17E-04	6.45E-05	1.70E-04
BoChr[8]	4.80E-06	9.38E-04	2.37E-04	9.77E-04	2.76E-05	1.84E-04	2.30E-04
BoChr[9]	4.45E-06	2.31E-04	8.39E-05	1.27E-04	1.31E-04	5.80E-05	1.01E-04
BoChr[10]	4.23E-06	4.58E-04	1.40E-04	4.37E-04	5.32E-05	1.60E-04	1.40E-47
BoChr[11]	1.85E-06	2.18E-04	8.58E-05	2.26E-04	1.77E-04	7.31E-05	1.16E-04
BoChr[12]	4.42E-09	1.61E-04	9.57E-05	2.23E-04	3.41E-04	9.71E-05	1.34E-04
BoChr[13]	4.39E-06	1.47E-04	6.68E-05	1.38E-04	6.36E-05	5.68E-05	1.15E-05
BoChr[14]	4.48E-06	2.39E-04	6.73E-05	2.52E-04	5.69E-05	7.85E-05	4.46E-05
BoChr[15]	1.25E-08	1.62E-04	5.16E-05	1.84E-04	5.15E-05	6.76E-05	4.24E-05
BoChr[16]	8.02E-07	7.26E-05	4.27E-05	2.27E-04	1.46E-04	3.46E-05	3.36E-05
BoChr[17]	6.69E-06	2.14E-04	9.44E-05	2.88E-04	2.71E-04	8.00E-05	1.34E-04
BoChr[18]	1.64E-06	7.64E-05	5.45E-05	1.08E-04	1.22E-04	7.40E-05	7.55E-05
BoChr[19]	1.76E-09	3.48E-04	5.72E-05	6.09E-05	3.65E-04	2.75E-05	1.21E-04
BoChr[20]	1.42E-09	6.44E-05	5.71E-05	3.57E-04	2.39E-04	3.09E-05	5.58E-05
BoChr[21]	4.00E-06	7.05E-05	5.44E-05	1.23E-04	1.30E-04	4.61E-05	4.45E-05
BoChr[22]	3.99E-06	1.05E-04	4.31E-05	7.13E-05	7.33E-05	3.47E-05	6.55E-05
BoChr[23]	7.08E-06	1.48E-04	0.00E+00	1.42E-04	1.86E-04	7.57E-05	7.60E-05
