MutationType	SBS80A	SBS80B	SBS80C	SBS80D	SBS80E	SBS80F	SBS80G	SBS80H	SBS80I	SBS80J	SBS80K	SBS80L	SBS80M	SBS80N	SBS80O	SBS80P	SBS80Q	SBS80R	SBS80S	SBS80T	SBS80U	SBS80V
BP10MB[0]	0.7372383546829223	0.45330639570951464	0.04256869739425237	0.0011476848473083259	0.6624071609973907	0.0014372931201254763	0.03051007169065997	0.034479276163880586	0.01630153063058975	0.06476984496686658	0.01820725080387222	0.04289185487942854	0.012114492640221398	0.09575275677428867	0.015044447067369893	0.026963103633012415	0.01508106868680525	0.019434068525093898	0.07590474889613712	0.047511414685115	0.0467799784995139	0.02569989861815893
BP10MB[1]	2.309081281737235e-09	0.03652468795213424	0.054392309095710516	2.7183209313079714e-05	0.05154221417446934	0.0026790015242296695	0.0011278107833775151	0.0034755922714975896	0.002416222883074752	0.005567669324082089	0.004365848693528989	0.0050368710996190206	0.002072026707464829	0.0162999684097349	0.007438359766019857	0.007415461074715495	0.0033943725052904485	0.0026186771552170283	0.001434446532543916	0.0032246889387816734	0.015227450669517566	0.0009029776388449375
BP10MB[2]	0.0	0.08786937304306776	0.05298480351921171	0.0039823481323037445	0.010865039300994903	0.0013479875587018861	0.0	0.030173724287888035	3.582670070500171e-05	0.05706498609855771	0.012079156613141745	0.006320063317543827	0.004310177777224453	0.003743424394124299	0.01436791394439144	0.0031989112381597806	0.009229206630843909	0.0027072106394916773	0.0008624575748399366	0.0015720315417274832	0.01335748348501511	0.01001347693758717
BP10MB[3]	1.8386228983757747e-09	0.0015783793756553165	0.03231851875782013	0.0019257070744081678	0.00029925729671958834	0.0026039556122850627	0.00040454509995470453	0.004357366325639305	0.001378250870533293	0.006809770453255624	0.0014988428666015351	0.0015345236200236911	0.0001360720399679849	0.005734933770753372	0.004500452856154311	0.005970912466899279	0.002269416826881637	0.001192477361825297	0.00037558651848144107	0.0010437675353351494	0.002302642070223311	0.003859424437277994
BP10MB[4]	5.130068592151815e-09	0.0027949503442505374	0.018574998788535593	0.010941870333808765	1.3823800003979805e-20	0.0008376088820423888	2.802596928649634e-47	0.012413361065700883	0.00048282432906464833	0.014395916124340147	0.0019262887193769985	0.0010790811627677682	0.003916945451137579	0.0004907057038872154	0.007020168998526799	0.0035186022419622987	0.0006899782473510641	0.0014502942190620161	2.802596928649634e-47	0.00012841041770627725	0.0039805464179335105	0.0029145421229821978
BP10MB[5]	2.4452026317067776e-08	0.0	0.008051342547405511	0.004419528951244729	0.0	0.002228020426045987	0.0011415934905016911	0.0013517802185856454	0.0004575687047201882	0.002997972660596133	0.00023748335050186142	0.0002846909857751001	0.00016053024592110887	0.0015672369358879401	0.00133646197525195	0.002044730134856841	0.0002171242093760384	0.00039227508625742756	0.0015370583097546841	0.0010227445034002725	0.0004308609068618807	0.000753073614202151
BP10MB[>5]	2.2975044188244807e-08	0.0	0.0005053654708899557	0.02607922853037621	0.0	0.010257489605820638	0.015221758615225553	0.003991127985937055	0.0016129040959629037	0.00145961449976312	0.00015952300454955549	0.000446286251238881	0.012159198562731035	1.568760012560233e-08	0.0006165678121578821	0.0014063490852959598	1.2997987965945867e-08	0.00026135815518991024	0.000785390925694518	0.0012670184311912181	0.0016768293745872142	0.00027078248762663293
BPArm[0]	0.10812697172164917	0.01647700269240886	0.0019698722049361094	0.0001255635093912139	0.041216579042375086	8.522441443041189e-05	0.0010736926996469266	0.0027722259597029735	0.001779810523366815	0.0031852782532223512	0.0010600961631598693	0.0022753718988115256	0.00033937404848984444	0.001352348888758572	0.0033237752222339623	0.00171887193276227	0.001068490429919124	0.0025263915813411642	0.004070313725387683	0.0005764782572472094	0.0022250771362814703	0.0015468042042777852
BPArm[1]	0.0005566480764167255	0.007133404137566686	0.0001060107732371307	2.3303834073562514e-09	0.020019540438938072	3.1657136689844377e-10	1.7137495649439672e-05	8.452009403470129e-10	6.933633471817302e-09	0.0	7.263677211710728e-08	0.00013421015070875342	0.00012222040347593667	0.0021159033821346895	0.00014059036742111175	7.455661572197236e-05	0.0003909427110785657	2.233340631580205e-05	1.401298464324817e-47	4.0807619237739344e-05	0.0012337137224240635	3.861513349079359e-09
BPArm[2]	0.0008988276545666452	0.018985985658432583	0.0	1.077192479659317e-09	0.030730420730542392	1.5893941718303495e-10	2.366361855919763e-05	9.981301399377252e-05	0.0002689233187449247	0.00020274508754859256	1.401298464324817e-47	0.0007006563286300605	6.324724265697412e-05	0.00019560644012017292	9.284919230264021e-06	1.8470265725767376e-06	8.733572071218277e-05	6.655731587670743e-05	8.845051612254906e-05	2.4950974274347003e-05	0.00016528475138478883	0.00013917578967522103
BPArm[3]	4.4334634008436066e-08	0.005762197481817566	0.0015087528128060511	4.247783187691923e-06	0.00665477166439814	1.3517756024761241e-06	1.1340929066001593e-05	0.00040841936781769837	2.220308628366752e-06	0.0003041004432765249	0.00031634309395010883	0.00047482981353070387	0.00027487068873597307	0.0017999110169482435	0.0005351512743800412	0.00040659509977331254	0.0004942106465392015	0.0001705358961089587	8.79013038593257e-05	0.0003971660615589201	0.0016884454070017149	4.08724793305737e-05
BPArm[4]	1.0967779600079552e-08	0.014613164253823925	0.0007822985331586097	0.0	0.0045050991928000175	1.5759846064611338e-07	0.0003704898795560041	0.0013288138037614772	3.206860599391017e-05	0.001910806187806884	0.00014571622464927713	0.0007585025342184881	0.0001867592750204494	0.0005897379432099114	0.00015689094230765478	9.46060469505028e-05	0.00028715292224660514	0.000301317542889592	0.00018160032752348343	4.992529673614854e-05	0.0010963412084242917	0.0003321957495063543
BPArm[5]	3.308510162280953e-08	0.003619942809746135	0.0032244611966728252	0.0	0.0013029457152975966	3.895275222021155e-06	3.424687403423832e-05	0.0006511326089116664	4.212830874536166e-05	0.0006968618430983043	0.0005246898474936045	0.0004360887722361895	0.00013924513499439685	0.0012752816293522074	0.0005313694488032329	0.0004532609615060597	0.0002549472385794616	0.00018867015169234946	0.0002465354008018039	0.0009616858938730388	0.0009792407437840816	0.0003397760341928091
BPArm[6]	4.398874698940957e-09	0.00702324668872734	0.0017662918599921796	8.8952853985802e-06	0.0005399859821498865	0.00011086643808994268	7.39444492205621e-05	0.0018974818163884778	0.00020039894779696967	0.0032459259248571472	0.00024699519186199836	0.0005178107773383367	0.000539828344626585	0.001190987723232908	0.0003141295190791027	0.0005295130305668749	0.00022250990808970529	0.0003033745780277286	0.0001245314228935649	0.00025890455040130435	0.0012249667853429002	0.00048169788487484766
BPArm[7]	3.187208481580939e-08	0.0016429962735855952	0.003636445769370766	2.802596928649634e-47	0.00023602140077855438	0.00014782303095898898	3.0129387517852462e-05	0.00029579057387138616	1.1513225942922922e-05	0.001046970735897048	0.00031536154368041027	0.0002829729458218822	0.00012661475526352107	0.002076024242614949	0.0009545526623946899	0.0004568487840401758	0.00022147174383377446	0.00016767709463641367	7.726149691507089e-05	0.00043724732620304964	0.0005397609859094565	0.0016424306639373754
BPArm[8]	1.396072382586766e-08	0.003188301995767233	0.002772046616883017	6.620592047397622e-05	8.430809597484768e-05	0.0001133923753367554	1.8402145360596478e-06	0.0015240442514186726	0.00026054879441328894	0.00253642051051429	7.0310674564098e-05	0.00027391878098655137	0.00028109744496759956	0.0007338673599085155	0.0003772550177791345	0.0003177713160539497	0.00011171592188475188	0.0004391304057162415	0.00039843635481930486	0.00021963727567101188	0.0007320916590106207	0.00028570521379833735
BPArm[9]	2.3625020384443474e-08	0.0004344654119631741	0.002771163295255974	5.976717782345986e-05	1.3416617639450123e-05	0.00010128031181011465	4.018718609586358e-06	0.0007014145069933875	3.1594932411875834e-05	0.001352674744794058	0.000455723733189006	0.000156341457808864	0.00011298019493316324	0.0017118446632238716	0.0007560593765219892	0.0005394074576224739	0.00036310896588247487	0.00030210310730410583	8.805347244890546e-05	0.00024376426301465416	0.00031240340544997025	0.0004030858557484862
BPArm[10]	2.0757540304394695e-08	0.0011683333807741292	0.0024739761955243013	0.0003195197145714701	5.278324824757874e-06	1.1660009804472792e-05	5.256161966826767e-07	0.0011230030747307752	0.00012206728386729537	0.002406800338358153	0.0002011495560327603	0.00021463529732288226	0.00030541193040495074	0.00035589752605051856	0.0004927650090522206	0.0003048636888343026	6.904898444190621e-05	0.00020748104063386563	4.771687655534152e-05	0.0003019807574303712	0.0005576275268686004	0.0006529810582674345
BPArm[>10 & <=20]	1.7052318339594307e-08	0.00011605031788349152	0.014315056893974543	0.0035639519021287923	0.0	0.0007614336149754309	5.965248805296142e-05	0.00428042252533487	0.00016455285245967844	0.008034653312060982	0.0005967937764745559	0.0003685833308614406	0.0022226954903345588	0.0007197353708988885	0.002371522051471402	0.0015308629594555612	0.00011955873709212029	0.00036867433082079517	0.00029531224638816995	0.0006362838334354137	0.0013167586538475008	0.0021035289122141878
BPArm[>20 & <=30]	3.962798370338305e-08	0.0	0.0016465180733939632	0.002942832844564691	2.045334124289866e-11	0.0016094112628900349	0.0005934170592113254	0.0004890097061888809	6.4398583480596015e-06	0.0009336094556783792	0.00015926473018240017	7.557197716877795e-05	0.00026820615557312524	2.7823925748293732e-05	0.0004742380206542407	0.0006322329310755792	2.5984304309076832e-05	0.00012291047929124943	1.3788988163128124e-05	0.0001756992356547471	0.00018262674438744851	0.0004712118490664352
BPArm[>30]	6.384679101745228e-08	0.0	4.2903580470010635e-06	0.0033058312971843405	1.6321783036232773e-10	0.0011479583291333383	0.0029399917833507062	5.308178910837569e-05	6.503091009655293e-06	1.1089475046901498e-05	0.0	3.9035595250428336e-05	0.0010109060759839394	2.6425067289892468e-08	4.605100875039625e-05	0.00012566311467821834	1.1259439816058148e-08	1.3676225187211344e-05	2.59586479387508e-06	0.00015280037178399652	9.919333231039217e-05	1.82753349935183e-05
CN[0]	9.48382571346329e-07	2.9493856636975125e-08	4.180869042080815e-09	4.4970921209142034e-10	7.396938098480632e-08	3.8572603957498144e-41	2.0317068001318716e-08	0.07746553312673476	0.004477941498720241	0.009619764975200838	1.401298464324817e-47	0.004159168583342918	0.0007335737912632112	0.003303137662876523	0.001188890274920858	2.5260426355089294e-08	0.0034362505209259986	0.005359388708499217	1.1984598913272749e-08	3.196649693393283e-08	0.02337813022141674	0.006952037421846527
CN[1]	0.0007376985022342472	2.1215463057160378e-05	0.001166559502889868	0.00045993263192940504	0.00017062442222307795	2.4271187157864915e-08	0.0	0.02190112246833735	0.39503001287579537	0.017703435980196504	1.2611686178923353e-46	0.0071641197435627964	0.004143401798968926	0.0028366313034285896	0.0005952045321464539	0.00013695849453313258	0.0012079366832485254	0.0006533668504562229	0.0007900479929521609	0.0007652121318665224	0.005387360850461959	0.005158528600366245
CN[2]	0.008237326994973931	0.01967035964349599	0.0071187746514419	0.05185144331662741	1.2571343653383301e-05	0.0002198718018469179	0.00047515555517748	0.03934470142794216	0.22254064977169036	0.0057723580450711395	0.0022462002833895877	0.7405081785470248	0.012455213301767621	0.0008967141050402461	0.004297514571272988	0.006396255832108288	0.0010761634610461095	0.001913307370478639	1.4425229772192087e-05	0.005049815697108408	0.019784708097003736	0.005484704541466774
CN[3]	7.568148541081676e-08	0.0066409439593553546	0.024783504658413166	0.10461185344970417	0.0054367941647797124	0.00015263273380696773	0.0015179828683455554	0.00039491765201091764	0.0	0.029650149007002122	0.23578878627501254	0.0042324525143105874	0.01268236454246562	0.06775317304792225	0.03662665229960129	0.04147378014906735	0.07314248912320181	0.09304360545087548	0.08264107166887584	0.039420591021558316	0.03948347890360083	0.04130685809814807
CN[4]	5.10254910435215e-09	5.3462381401914174e-08	0.0007065254591844905	0.004826489783392539	2.0017898805235746e-09	0.12570802111178636	0.0024745298926098316	0.04312867716377149	0.0	0.008564271800963112	0.27193460495693217	0.0007297566295908097	0.0012307415055929027	0.012041647170654543	0.01461027337713218	0.018676181747409544	0.004730190590409791	0.019498052617851033	0.020073404157727168	0.03855699212383343	0.018452570382406178	0.018865058650981533
CN[>4 & <=8]	3.511920164456228e-08	6.8124067809094414e-09	1.951395431376568e-07	7.74904947320465e-09	2.9866288997482117e-10	0.292671864926815	0.0475561185405968	4.4539191094372656e-07	0.0	0.06777602152800911	0.02165251602492763	3.4192208886452135e-09	0.0019307232097514771	4.5071121526518707e-07	0.0061439749621349194	0.0018808991638804783	3.4988277491268204e-06	0.009887914174705265	2.9722408381118735e-05	7.82951306916857e-07	0.0022370592693661704	3.7830451493689377e-06
CN[>8]	1.1709027192718934e-07	7.59913357128994e-09	5.5828901546206565e-09	4.1352475221856365e-10	1.1189669280042835e-08	0.0024944100753486963	0.20519866272807122	2.2681393545553873e-08	1.8984101624042184e-09	0.0002475748375655229	9.13020107873308e-08	9.661964206486573e-10	2.026095133572485e-06	1.7633526557907964e-08	1.842472473171597e-05	2.846853046776232e-05	5.1242947662899496e-11	1.5308711638084787e-06	1.980206754126357e-09	4.859824986624786e-08	9.902503446824085e-05	3.330405736079456e-08
CNCP[0]	0.049613378532230856	3.574805198525155e-09	0.0	0.0	0.0006629079284012107	0.0	0.0	0.0004887800379277962	2.804684697821358e-09	0.00028625085043934464	0.0	4.539970774203539e-05	1.3698846430543199e-08	3.178162034600973e-05	2.7467771433293818e-05	0.0	8.920368738472461e-05	4.619553981886071e-05	0.0	0.0	0.00030284673208370806	1.5874544080674012e-05
CNCP[1]	0.0	0.08329126866534352	0.238315220028162	0.35918971583247183	0.028112428261974857	0.013840717244893313	6.291583180427551e-05	0.0005612143129110337	0.1838828677568745	0.0005443039163947105	0.00945240270346403	0.022078702226281166	0.2913066641613841	0.02034369610776581	0.020844029200015938	0.012900703426342528	0.006921902301255614	0.011160424479681274	0.0006196165923029184	0.009287855886075534	0.03929205160588026	0.007110316418111324
CNCP[2]	1.2623018240953688e-08	6.43804443711815e-08	0.0007758109289827075	6.729115492021264e-07	1.6247048864725545e-08	0.11147654010559485	0.0006962510952716161	0.35050409808754923	3.0724063293519067e-10	0.02768770523191051	0.07336037581173765	0.002315852972577453	0.020862086031095687	0.001860074427230316	0.008271351573875166	0.015772226431114547	0.0023758370676705454	0.0042980573957822794	0.002059387768789236	0.019352353429358395	0.04900758684366181	0.006336106988397887
CNCP[3]	1.8466410853790195e-08	1.3790634625365783e-08	0.0015197095317486741	7.181783584542245e-06	6.524422708764632e-09	0.03792359402403236	0.023598967073721725	0.0026473706358325797	1.5187053904774928e-06	0.10773969039320946	0.00012318938997484707	0.00035439217779376553	0.007422009590982981	0.00035007818539781963	0.0008720298692549022	0.003557439001781404	0.00010284146414875754	0.0013910203691943112	7.490052598285501e-05	0.0006676400113059344	0.006785191949932141	0.00022822299373693512
CNCP[4]	1.2314553082148905e-07	8.237566646585037e-09	0.0	3.882447430214597e-10	9.787892306392654e-08	0.01616641260625329	0.03233752647414803	0.00032825073267343184	3.786573543607119e-09	0.05184445038437843	4.144546437601093e-08	1.2367175057654693e-05	0.0018970428992548705	2.4768620524906897e-05	0.00017689034342765808	0.000721077176772269	3.1124980378081094e-05	0.0003520300830081169	1.7574639563378014e-06	5.1642566474669186e-05	0.0005611037793848173	2.8715128142806633e-05
CNCP[>4 & <=8]	1.2051724576522815e-07	1.082560670218058e-08	8.593158185021821e-09	0.0	4.646110071782061e-08	0.001117813181968419	0.09615450717508793	1.0724504515557953e-08	1.504950830621965e-10	0.05469755850033835	0.0	3.872730367504573e-09	0.0017906724752460334	3.968587318325945e-08	5.22944112475443e-07	7.601282019436439e-05	1.7194252635022168e-08	4.013444498442098e-05	4.335066861038683e-08	7.172604938432414e-08	9.752803661049913e-05	7.341015926698447e-08
CNCP[>8]	2.4990269650970734e-07	1.764530411207943e-07	4.228498440284056e-10	8.407790785948902e-47	1.407544685694262e-07	0.0	0.09405761286616325	1.0123968356978707e-08	1.9587888044902968e-07	9.174985018400861e-08	3.4318505548469604e-09	1.3163940477879694e-07	1.199986208710868e-06	1.0959049543401988e-08	2.3097737056332334e-10	1.234414845896481e-09	4.88743047810658e-09	2.0311875559286817e-09	0.0	3.374071452011407e-08	3.1514812134580496e-05	6.375280321435639e-09
OsCN[0]	0.03798214340880782	0.0024507696460932494	0.029501388706232864	0.012098568520663093	0.0010528806370953703	0.096686097821269	0.1761181814968586	0.009597430776725561	0.0014833431120496244	0.014116566852899269	0.0029390584565135284	0.041678699692728444	0.0018051348177999138	0.0590448026025955	0.012614222371503813	0.06150139351055259	0.02771272734298626	0.021860501127920474	0.02502030795739258	0.15892372554168108	0.01910241216617578	0.04544293458856651
OsCN[1]	4.1670026919291556e-05	0.04232332436833531	0.02708293885458408	0.012791388134937734	0.012629875589976835	0.035558389131911096	0.02088790080975741	0.04469259757548571	4.203895392974451e-47	0.10504984721541405	0.023548931611003666	0.011996185069436081	0.03983491927734576	0.006993346964263802	0.02523149338870102	0.013667780496077682	0.017232932855695333	0.02075254344083471	0.0024016307791285313	0.011305102478945638	0.03629776909947395	0.017586945568036753
OsCN[2]	3.394748406826409e-09	0.0021437069214880465	0.011290556646417826	0.006998114488087594	0.0013583826343528927	0.008929160884581505	0.004444869328107188	0.004437166552938834	0.0008308506038935093	0.00038847960880957736	0.0020178642255677913	0.0010146912810009923	0.007735757118898619	0.007307914768158535	0.003270593762026692	0.004430044031802731	0.0033836707421337586	0.0019070521177899024	0.0036853672442134664	0.0048636296470078635	0.004973112083971501	0.002531004359561565
OsCN[3]	2.715980673695384e-09	0.007808308741077781	0.007070806240953971	0.008698222411621827	0.000463122638175264	0.0019134463188299833	3.2005294233385936e-05	0.013161371643655002	0.0009640644523051734	0.0025832993081166935	0.0011166404479167643	0.0011062611090846986	0.014248002565000206	0.0013884933825335111	0.0019171538820188516	0.000916786546762296	0.0008506311363842993	0.0019429199172009248	0.00013030872226124757	0.0006038538532448001	0.004036263223456444	0.001122171934154741
OsCN[4]	2.616060045479429e-08	0.0002602125244220588	0.003415193904656917	0.004679326175246388	8.03039911261294e-05	0.0009011269533948513	1.401298464324817e-47	0.0007670320905162953	0.0015653015649508006	1.562503406603355e-05	0.000632941335270516	0.00016535088456508972	0.002430187124409713	0.0008780253680379246	0.0007801325833133887	0.0010627047108573606	0.00016192753752875433	0.00029978573933703956	0.0005378447387785238	0.00036770252070326135	0.0008077911682630657	0.0002456684688604582
OsCN[>4 & <=10]	9.327278535642414e-09	0.0005488675826359213	0.003842860003488294	0.013950293613597751	1.2561900075525045e-05	6.987927574193975e-05	0.0	0.004653808088041842	0.006067705748445462	1.0562650859355926e-05	0.0006295096405884859	0.0005509739893865631	0.006774363369331695	0.00011416213354095817	0.0004423274204600602	0.00017032025847584008	5.8914065443786965e-05	0.000430768399965018	1.401298464324817e-47	0.00015881041276628595	0.002026648951645029	0.0002234114020211564
OsCN[>10]	4.3191206398063285e-08	0.0	6.567185482306393e-05	0.003233254905339891	5.012731563169837e-10	1.800314493038968e-09	2.0886975824119247e-06	2.4465074060024962e-05	0.002245457803937825	0.0	3.0961536801044075e-08	4.4964934275100174e-05	0.0008322528583812527	0.0	6.129852848349771e-05	1.1067133431197363e-06	1.8787711141214914e-05	2.5415503926922156e-05	9.685557823466695e-06	3.9631850086152554e-05	0.0003602465703432278	1.545437378808856e-05
SS[<=2]	8.383565013758699e-08	4.156176300416092e-06	0.0	0.00010681657133147837	3.972246744048391e-06	0.0016194258167524821	0.0013814914823160507	0.0001330691532120909	4.1817847275638085e-06	0.001228860561241163	4.3831481241340954e-05	0.00019212515127463802	0.005592598231742158	0.00023181722300179785	0.00014030414328772167	8.805945972469864e-05	0.00011942251044047225	0.0003259642222060677	3.090347527177073e-05	0.0006355108433217537	0.000126386063976458	0.00020166126329627333
SS[>2 & <=3]	1.5123760039870148e-07	6.666038387947992e-10	0.0	0.0001276070656499595	5.656743660154007e-09	0.0004156690935151719	0.0022472626843955366	0.0007579865138694508	1.0437872077773135e-09	0.017515229094681645	4.5876378655407276e-06	0.0014928477707357502	0.03837631570793747	0.00011978752718814268	6.643766965908071e-06	0.000603666387587225	3.6993824323872104e-08	7.485859818459062e-06	8.851483528360405e-09	0.0008168628233693198	0.0004397862477060244	0.0007466848348953104
SS[>3 & <=4]	1.0608151805424626e-07	0.0	1.9207216743364343e-05	0.0009630612761029181	3.0784011784135147e-09	0.000629354453683959	0.0008433066766468755	0.003150155717588774	0.00010638993794003681	0.06515787591764877	1.0184979066352186e-07	0.006352151750487565	0.17881537707125061	4.551753170289885e-07	3.484667593056656e-07	0.002423564165621883	4.527929122559726e-06	2.0102950827549647e-07	8.645227983947734e-06	0.0028216450035658622	0.002508322212278529	0.0031071452455438474
SS[>4 & <=5]	1.6115119683135504e-09	0.0036184796872430524	3.5860629000536393e-43	0.055438324483329776	0.0	0.004010750579051841	0.056126745464280245	0.05087121706468679	0.007453063701856451	0.005041423569133738	0.0013157835975289344	0.006340040957678496	0.23552222742699086	2.9643394441336567e-08	0.004330252182903678	0.0028387089865282177	0.008492242001674628	0.019883641535035395	0.003577015236160861	0.008513455547653948	0.0904055728786625	0.02232342695425247
SS[>5 & <=6]	2.1624881885173863e-11	0.003915352766634897	0.005237480490468443	0.2046330977603793	0.0034818126685683074	0.0828784902067855	0.10944981396198272	0.07344282301375643	0.06788380878299591	0.009554982788322376	0.007381780834215093	0.0014969825153542703	0.010928101364988833	0.010732076248905643	0.004281761609095808	0.010423712988063017	1.039679276018659e-10	0.001976114236728271	0.009087575397538785	0.01808397644372799	0.009443908594686832	0.0037634466652011157
SS[>6 & <=7]	0.0	0.003958220907961731	0.23746683157980442	0.0719336445373483	0.0012108834204263986	0.03696304741316864	0.026369068538770125	0.06849478761665523	0.01632135077086488	0.09140754889231176	0.01195711381584119	0.010219567157328129	0.0001589450389656122	0.026423235412221403	0.030483262573725512	0.06120090389656092	0.014235117391515933	0.014629290622783628	0.017222870046126323	0.019343801159520807	0.02125488609678894	0.013155096767049792
SS[>7 & <=8]	0.016324172476306558	0.14353254035115243	0.0739694009674713	0.0012569769218346925	0.079766412274912	0.0038197582997970565	0.00045368442610865486	0.03188511204411046	0.007452971916690041	0.04787839802302187	0.023910786967608146	0.03655989138877207	0.007399849597654979	0.024198504595793535	0.04637736488832161	0.026107563080814175	0.03299450695049018	0.01832745447339704	0.02075079860398546	0.009086346861440662	0.028213993885011494	0.031575270848115906
SS[>8]	0.03691935312272108	0.00040388746829890466	0.0	5.5762343031950935e-09	0.015151549042202532	7.400566537363318e-10	0.0	1.625103651647919e-10	1.5968134903232566e-09	0.0	4.979446828201617e-09	8.534179087860138e-09	9.789485291289424e-09	5.978694773034476e-08	0.0	1.1987132779722742e-08	7.141704472246601e-10	1.401298464324817e-47	0.0	4.22490345952653e-08	2.804646626941576e-08	7.78429971148853e-09
NC50[<=2]	0.0014073325740173459	0.0	0.0	3.33720219736211e-09	4.299485489855926e-12	2.1479632965615282e-07	9.527407465537152e-05	0.0	1.1599820570751262e-09	0.0	0.0	1.9230848291584833e-09	1.1406194974472594e-07	2.8734322548018555e-07	0.0	4.355153862434236e-06	7.399342478142667e-06	5.808813156171766e-07	0.0	2.3276810294134974e-05	3.554674231174282e-05	2.1770507387941505e-08
NC50[3]	0.0004962973464833453	2.1989827531854188e-05	3.742068876988469e-11	4.000507534567266e-06	0.0006451268897217233	6.295946832324261e-08	7.38698732515175e-05	5.521197721236604e-11	2.0932693838333625e-05	0.0	0.0	3.6781226373427953e-06	2.730820822272051e-07	1.1660579785655045e-05	6.143143655208405e-06	0.0	6.313060202955967e-07	1.8504029317156779e-06	1.815137870536887e-05	6.3789018895477055e-06	1.5256630870226218e-05	4.163101667948865e-06
NC50[4]	0.00010410508827061626	0.0001283944502210943	0.0	8.929765035645687e-06	0.0013902435300406069	5.840466783357812e-07	2.0549396066371627e-05	0.0	0.00012266040886970585	0.0	0.0	4.978984943591058e-06	1.0974407759931636e-05	1.1158693487232086e-05	8.262597093562363e-06	7.967146375449374e-06	0.0	3.23406213283306e-06	0.0005063473060533852	7.369142986135558e-06	8.587200427427889e-06	0.00011122526571853086
NC50[5]	2.0591626710260158e-05	0.0005851974176039221	5.261695967817559e-11	6.973157704268096e-07	0.0009235375436401227	2.251705451724151e-05	2.4829920221236533e-07	1.3336197596029996e-05	1.401298464324817e-47	6.498725997516885e-07	1.774316590648084e-05	3.470703029449851e-05	6.375531782367716e-06	5.2105701120552915e-05	3.802483712398441e-05	5.641855167077381e-05	4.925994422599445e-05	2.6963371619785904e-05	5.2611774299293754e-06	1.1067147421570666e-05	3.404142934357424e-05	1.4996032405178994e-05
NC50[6]	1.0414233055513478e-05	0.0006885649177274899	9.664973385042685e-05	0.0	0.00015210390781433602	1.2713013116467664e-05	0.0	4.629171176929958e-05	0.0	0.00014330275941993876	0.000675180543479712	5.5906536632974734e-05	2.1073989919386805e-05	0.0003373373872375396	7.218257128350558e-05	6.409875757526606e-05	2.2649523452855645e-05	4.617506850287611e-05	0.0	3.431907533013146e-05	0.00010507364337875025	1.916095265187323e-05
NC50[7]	6.642434669679176e-06	4.57424160443054e-05	0.00025150358831524497	6.498282265083866e-06	7.043538951911899e-06	5.055362271377816e-07	0.0	0.00017222391653149316	1.3235724616134093e-06	0.00023337282345892163	0.0007925786657460776	2.4956410979370957e-05	1.7072657574317418e-05	0.00013728101468949206	0.00010339971014905914	4.525252146720504e-05	3.636182504124008e-05	0.0001033103858208051	0.0	3.446597624872538e-05	0.00015351720205709186	1.7322589992545546e-05
NC50[>7]	2.3283631613821853e-05	6.979397874662397e-07	3.596491828153581e-05	5.928981912695086e-07	5.5746589177552155e-06	0.0	0.0	6.318140672548545e-05	5.917303832649878e-06	8.489076165414388e-05	0.00014613744133364914	1.23787058910807e-05	3.0182537311684854e-06	7.750078596905574e-05	6.263472951290261e-05	1.9168957419957168e-05	6.391085051262735e-06	1.242377024126995e-05	0.0	3.3848390986470636e-05	5.214005202506478e-05	6.917425484189721e-06
BoChr[1]	2.516143408093363e-06	0.0001606725946433052	0.0028334560798271013	0.0006491540127832541	5.631485266022196e-07	0.004760683121509485	0.00020499363968541084	0.0008943937447976493	0.0005846899432923092	0.005364511642850407	0.0038094913133847543	0.0005079054853877091	0.0011802634964710635	0.00044129809109897555	0.002764936038934031	0.0002119937557495266	0.6321129852812737	5.332201707256068e-05	0.006777830137692644	3.959709329286909e-05	0.004878551060802651	0.00022229073972769329
BoChr[2]	6.471053559706785e-06	0.0020048903987782297	0.01869363453168168	0.0004326504779843443	6.535957608448939e-05	0.014820907618837592	1.8491871145442928e-10	0.0029617695944391897	0.0038756597881945253	0.0018992744846820743	0.02709131790759898	0.0007761572673340033	0.001093083158265813	0.0012235561399472773	0.14224214526673676	0.017881407433421828	0.006270848469797059	0.016253464935371557	0.00010824889901968504	0.0018679337218856062	0.010376833205120839	0.0004689338278252109
BoChr[3]	3.486609091800652e-05	0.0010804761710722132	0.00886328504049544	0.0006407086202307078	0.00013874586283861844	0.013028732465269605	0.00010702005537845948	0.006863537085764335	0.004640172098439166	0.0014120401245190806	0.004676298760954724	8.249208529214513e-05	0.005147104288612922	0.005464551518234089	0.21424617185766692	0.01831872819262685	4.534492430821046e-06	0.031236304647608504	3.2229864679470794e-46	0.00041230543285223573	0.0022851268742869026	0.00012074360449332744
BoChr[4]	8.342178747655638e-07	0.0003788129400656004	0.0028024010362996525	0.0008870669605414605	0.0001868058548177487	0.0049215608702122896	0.0009926900706458675	0.004066455654348573	0.004344809222444295	0.004968402309267893	0.020206475241010265	0.0008185543354218794	0.0047362155119689935	0.018236402058855673	0.053107928885795415	0.04443518870192792	0.0065501362074274995	0.0697286281059884	0.00962191113291567	0.00016371032375872118	0.007914703055560609	0.006499874701896573
BoChr[5]	5.320660555774292e-06	0.0001701214465981593	0.0019380978292486617	0.00010515343967472557	6.84806881110609e-05	0.0013932046938917608	0.0028003921505226526	0.0017192299518883835	0.0015173716050615482	0.0014772392031871106	0.011525324621175536	0.0023587421776560206	0.010741484205625507	0.0003248653399273154	0.07673006299717926	0.024923916429332494	0.008396770726286409	0.15905840546674438	2.6765451173353938e-05	9.336217871993569e-06	0.06087281554023978	0.00966948040535133
BoChr[6]	4.009649564938877e-06	0.0004382470497393287	0.0022202646956921562	0.0013106355618783421	0.0003935615197796416	0.002558176876574228	0.0005300782677309436	0.0023489223372225965	0.0022392103202964098	0.003481546977978276	0.01465794908248121	6.61071925654983e-05	0.00042267887542433156	3.202056354567162e-05	0.000135101269448068	0.36630172465982014	0.012709498915669366	0.00037366801593487155	0.005880692887738332	2.1509172892726357e-05	0.004036926077079513	0.022708963523104107
BoChr[7]	1.4414152686037517e-05	0.00023294977893564383	0.0017024875548786221	0.0006903257599695059	0.00022795352554918935	0.0073300285877208856	4.866550404199366e-05	0.002365451807024303	0.00040057930009782525	0.0011769726018965266	0.005493244880181702	0.00020460490987691377	0.001146483450046496	0.00019858148887895056	0.006104408634709517	0.002928592831775213	0.015360740989180286	0.3213697818090441	0.013898976254163304	0.005815546842518913	0.0011450699955838672	0.026170410277328422
BoChr[8]	3.873629293416059e-07	8.777765898178469e-05	0.0008985683802599682	6.846588486911512e-06	9.424060685914662e-07	0.00029499191785657724	0.00010263277343899448	0.00014294699919443436	1.2017440207937047e-06	1.9369215212445647e-05	8.007887236384888e-05	0.0001709262515871595	1.0364909809046363e-06	1.4769051786305253e-07	0.0004804276585662831	0.00013774868445328543	5.909816317064555e-06	5.130095422452947e-05	0.6330826199054718	7.3550801492245925e-06	0.00018567784506573883	7.87671952415217e-08
BoChr[9]	9.289606030238317e-07	0.0008342343134810904	0.0006256451859353347	0.0021714877705469606	0.001069150446013376	0.004686639282956406	0.00013219022653631284	0.006513900111986004	0.005097495847112761	0.004125017254366838	0.012313335795879822	0.00024343779838667746	0.0007571214937760118	0.12368011843085526	0.006274759531866039	0.04143797433094448	0.0005891445719021248	0.017080334441432823	5.771039488422503e-07	0.0042904709939203655	0.0033814938162095133	0.0005542280495744744
BoChr[10]	1.4430328747963018e-05	0.0010050223175634442	0.014146820289189748	0.0006801282462916447	0.000564794765359018	0.002586657621912991	0.0	0.004977383756722713	0.005746688146034842	0.007338734828982325	0.02939136834875452	0.0009248907442372101	0.0006871429629118178	0.003925329009070992	0.020893765431721077	0.02534273429786083	0.000814451246072494	0.015683746777704073	0.015551867630810534	0.010677195052578555	0.0034945870434193436	0.00017251740367633773
BoChr[11]	6.682110900235738e-07	0.00017636521492647717	0.0004992072973959961	0.0005225608478781395	7.905856518775068e-08	0.0019539999880919382	8.08979544398565e-05	0.0007433663206771612	4.731869917666498e-05	0.0020891779610039763	5.966126916464214e-06	7.594918423462137e-08	1.729916313406168e-06	9.66383757648881e-05	4.363041282163555e-07	4.527263619419426e-05	0.010864060120788468	9.847521133169875e-06	0.013473826505219832	0.00037269479352195904	0.00019410595671601687	0.566331059858203
BoChr[12]	4.318430231642356e-07	0.00014646190703578198	0.0033861338369519855	0.0011267153304886624	0.0002759492761287419	7.753132406396967e-05	0.0307585674246247	0.003774534363889117	0.0029244642741191027	1.7636910632710113e-05	0.018291943476576655	9.905428507826386e-05	0.0011990941184245186	2.058935146037822e-08	0.0003193602483669271	0.000102570412511227	0.006883272374072504	0.0027514440226840977	7.454031558609131e-06	3.3600669574238016e-06	0.3362802674042069	0.004467225204350776
BoChr[13]	2.575059539311475e-06	0.000959308343905653	0.0008171739000741951	0.0015702164860837086	0.001428160065798636	0.0016284100967459381	9.465041000744634e-07	0.0007671707985738862	0.006915672187618327	0.00411568736991768	0.024143526466397187	0.004018906862074214	0.0001700665115731681	0.016280280941673483	0.028795177315966782	0.03005271286352985	5.211525168334674e-05	0.010674249900054776	0.0002854348186105682	0.0011767136321830663	0.006800106518823555	0.0018355374620296061
BoChr[14]	8.128447935053851e-05	0.001256375143203785	0.005694921458717844	0.002667058183597639	0.0028914802909231698	0.004073430855183915	0.0006744656034607121	0.002087094917385404	0.0007357705786322555	0.005263720384268993	0.011760223192130752	0.008080982953777007	0.0001135060551440148	0.02327040534291882	0.03595450167112631	0.007754869844354743	0.0007632637631832039	0.0038624206839635317	0.00022214612114510146	0.016275270582865674	0.005629335181567327	0.004742123751016152
BoChr[15]	3.840752175965356e-08	0.0003530963624788929	0.0041295674763549076	0.0013622454915618398	0.0009732431776952444	0.0037730405549656165	0.00025666089852165896	0.0019884325681726977	0.000862268536829518	0.006981544471927919	0.010857590000523488	0.003054124587008147	0.0012776387042470819	0.020334647131269888	0.024618326935227124	0.005197555048133609	0.001641170652060282	0.0017658227406184323	0.0	0.018983136136364466	0.0042856186405759895	0.004065998509759083
BoChr[16]	9.216630976904839e-07	0.00427077989856798	0.0030103039064840686	0.0038692062025074848	0.0030273386120643407	0.005443395994370803	0.00029962353990494654	0.005341614668759575	0.00037470911181794215	0.005774210262461566	0.017025917972205207	0.0009264237503521144	9.081528114620596e-05	0.015136195882013368	0.006827808392117731	0.0015827548454035423	9.480088832802122e-05	0.0012647026355807618	1.961817850054744e-46	0.008859545571203853	0.0029098789492854847	0.005443383454366995
BoChr[17]	1.4072682639820754e-06	8.004598249177874e-05	4.052910070750145e-08	0.00019746448385712373	0.0001776660536008512	1.421904126734816e-08	0.0005885009526291501	0.0002634756171100796	4.911179218459739e-05	9.214206922782985e-05	0.00015589493286154635	5.655653557901097e-06	4.0019819562135476e-08	0.0006849735666855224	1.431863166299208e-08	2.5008083955784733e-05	0.029745760568061125	1.8989205656794183e-08	0.025090300690992367	0.4579532875368193	1.982619936251373e-05	0.02873693688546343
BoChr[18]	1.0226610830610383e-07	0.00030344563920415625	0.0007217863348741082	0.0006161257093239669	0.0008911614215893838	0.0033061663435339384	0.00018831408487470446	0.0009208343384344352	0.0008901985256020617	0.0006604453949380584	0.0050571506538523185	0.00030424382101742255	0.0005102255818837476	0.1268323740840512	0.02540576807433922	0.02346962140299893	0.0001764828333492119	0.018149131627066523	4.203895392974451e-47	0.00014035723420676048	0.0038453800631453915	0.0018671413337368393
BoChr[19]	4.2718116487261427e-07	0.00044116376189531794	3.4230609778092e-05	0.0005952375997611625	0.00013697212735737098	0.008587807958145817	0.0005052485189927403	5.335236064340165e-05	0.00016739837291680716	0.00010419402639521457	0.005397045267870091	0.0028090113920076123	0.0050432589888584345	0.0966863740237585	0.010310943841580524	0.016962085148552433	0.019630937132015306	0.017307354637864238	5.5834664749454535e-08	0.0306546276841582	0.0011587383224620496	0.013239941555657424
BoChr[20]	3.4137389648081215e-07	0.0007041206912379039	0.0009527326706627192	0.0010985566282685699	0.00023273059470057755	0.007757370572725693	0.001447822418249407	0.00018347963827601178	0.0001064625246778661	0.0015277328802653755	0.015264268084274876	0.0024410107195945584	0.0	0.053840817764000806	0.028805180913305653	0.010660019581722082	7.00322844622292e-06	0.005725786283335026	1.9504205965859002e-07	0.017888111199415278	0.002316570526239161	0.010713656840455315
BoChr[21]	2.2661281364941642e-05	0.0003418519452664981	0.0010555645808705094	0.0	0.0018805964539433263	0.0023787643497053066	0.0011602821308770218	0.00039182194631862897	0.0035550694541292937	0.0018679269169024338	0.008131530802173756	0.003197676870681363	0.006192882795781548	0.03028959461195882	0.007640715095258874	0.005354068199812901	0.003675791397131434	0.006404536637637648	4.5800309708710075e-05	0.0021650885401272558	0.004304046870092867	0.0007624937429626755
BoChr[22]	4.641246375707675e-05	0.00022703465717341942	0.000517742998755466	0.0007626915928961431	0.0019236071425419302	0.002430687121986921	7.624644411993842e-05	0.0012098820879327837	0.0010847422910197225	0.000559161143920619	0.0034706668409247143	0.0027157985210848777	0.0019350555475102739	0.07072250355486176	0.0039508675347315145	0.004610560767859226	0.00019837882017554876	0.0005031288648342524	4.203895392974451e-47	0.008734452008949631	0.0005118513654451849	0.004624991727869201
BoChr[23]	0.0010109072186840961	4.529885123496058e-05	0.004349936691283673	0.0012406754595576815	0.00029150629723384113	0.0005189293282455764	0.002727341282084126	0.00042487846611309236	0.009762522265216803	0.018205079860460955	0.016937665716294816	0.0009434354166450021	0.009719505228457024	0.007062001241138205	0.019682159998919816	0.007304303725250066	0.010348672717809678	0.017226696452504485	6.003238196399252e-06	0.0043730910595734685	0.011761726553668268	5.609018262475729e-06
