MutationType	SBS80A	SBS80B	SBS80C	SBS80D	SBS80E	SBS80F	SBS80G	SBS80H
BP10MB[0]	0.7009254384040833	0.4919952991604805	0.0010929400359744495	0.0214327054489757	0.0471408709756016	0.0121341462177788	0.1697125540673733	0.02253854017239064
BP10MB[1]	0.0006439525554424109	0.059185258261859414	0.0036560135187755803	0.03682811949867755	0.004207360124273691	0.00012190885667223483	0.0	0.0021305663880775683
BP10MB[2]	3.4664099803194404e-06	0.03948947988450527	0.0017412923301837805	0.041500027353716294	0.017323841410689055	0.006015717844049502	0.06917286708950997	0.0
BP10MB[3]	1.3220953374859513e-08	0.0010302412076634937	0.006089691241504625	0.019660712466575206	0.006840492931078188	0.00023703273152932524	0.0012972202899982222	0.0006645626798490412
BP10MB[4]	4.971022343758236e-10	0.0	0.002941719718510285	0.013785625421442092	0.005677106620278209	0.006722004628973082	0.010652130427770317	0.0
BP10MB[5]	1.8316383876282315e-08	0.0	0.0032306367246201263	0.005471575813135132	0.0023165342537686227	0.0012780076620401814	0.00013756008060347824	0.0011030997009947895
BP10MB[>5]	3.017457768511589e-09	0.0	0.006874978299601935	0.0005588457819375581	0.0040070825209659235	0.02096114763058722	8.410982409259304e-05	0.01242280644364655
BPArm[0]	0.09957275226712227	0.02081868891604245	0.0003667231603485178	0.0010538929601534618	0.002447589541989146	0.00030922798187723227	0.0069353180890902874	0.0010015520108572673
BPArm[1]	0.0018795000982936472	0.012393967704847455	2.387904593206258e-06	1.5939603251960976e-05	3.195621850359487e-05	7.5785984518006445e-06	7.1549584798091815e-06	0.00034692190885834864
BPArm[2]	0.0023738506773952396	0.02249812729656696	1.5907360761957533e-10	6.863270307633229e-10	0.0010568353341122538	5.980729467225387e-11	0.004772868829313666	9.8111620900454e-07
BPArm[3]	6.847430723766479e-08	0.008143760068342089	1.1976408905829812e-05	0.0007370623841643464	7.863911417172354e-05	1.5548372569662572e-06	0.0008685334571055137	5.972770972027863e-05
BPArm[4]	3.775643626191538e-08	0.008685259339399636	2.1264170329171605e-06	0.00019656930791740024	0.0017524496093392372	8.10998971279675e-06	0.006796727976761758	5.535648242585012e-06
BPArm[5]	3.4224811695793275e-08	0.0036645146692171693	8.719063131138682e-05	0.0024178678140742704	0.0001587469415855769	6.127330064893966e-06	0.0009879327547969296	2.3680465532020522e-05
BPArm[6]	6.353249338841849e-09	0.003119309775065631	9.699149570676191e-05	0.0013662063520079215	0.0013840475166216493	8.639445679250467e-05	0.005058226976543665	1.1870578873640625e-05
BPArm[7]	3.031776753203985e-08	0.0016114809887949376	0.00017493777534356895	0.00274558303761296	0.00019963295217379162	2.8412110114004464e-05	0.0007906750964957609	9.1949875923234e-05
BPArm[8]	1.3787411732302247e-08	0.0007558257156051695	0.0003285650412638625	0.001891119881765917	0.0014177890081191436	6.193301375333249e-05	0.0030687065119855104	0.0
BPArm[9]	2.272631757449517e-08	0.00029395507786830424	0.00045565426376924733	0.0020119392476044594	0.00048012630024459215	6.185802091692949e-05	0.0007791126939628157	3.504944374526531e-05
BPArm[10]	1.8515005333341606e-08	0.00010711723272781248	0.0002092525176312421	0.0019464990287087858	0.0008935213215590921	0.0001520386683654351	0.0019465332047548145	2.2241299120651094e-06
BPArm[>10 & <=20]	3.4645089931617522e-09	0.0	0.001969165115369833	0.010022804722338553	0.002164597789524123	0.001976754136267118	0.003567143307709557	0.00026336038501540316
BPArm[>20 & <=30]	2.645741884244046e-08	0.0	0.0013312246155692264	0.0014076188462786377	0.00026763400733443633	0.0019930763059528545	8.402666301551509e-05	0.0005091168021863268
BPArm[>30]	7.940861287636381e-08	0.0	0.00013332857294457768	1.8241852347982146e-05	3.450851521960674e-05	0.003336311394814402	0.0	0.002246408718638122
CN[0]	2.1663709937058684e-06	9.766651092242285e-06	9.087978396564722e-06	0.0014900856913293125	0.007009917661780492	0.0	0.03736775677651167	1.3571597676786951e-08
CN[1]	0.004151452158112079	0.00036497370358935853	0.0	0.0028818013321142643	0.1451627044379711	0.0006244080077158288	0.027754460778087377	0.0001870802304620187
CN[2]	0.04390253286808729	0.01148118576966226	0.00020742177963256836	0.02868618463166058	0.17113104477524757	0.060367323057726026	0.08358146704733371	0.0002610097194701666
CN[3]	2.5395955060996122e-05	0.034019140619784595	0.0058536432642821	0.10541638433933258	0.0001349170645698905	0.1066938803344965	0.0029338848593522472	0.00239709762158557
CN[4]	0.0	0.006640291181392968	0.11652803134173155	0.017309752102009954	0.0	0.024439590368419885	0.008677183253093973	0.008541428092867136
CN[>4 & <=8]	1.448329900455292e-10	0.0	0.13979325091466308	0.004716105466925456	0.0	0.002186015770074228	0.011172165854998185	0.06774896442890167
CN[>8]	1.1730380833796516e-07	1.5689639927707334e-07	1.010073284817281e-06	3.49816718880902e-08	9.727447489618992e-10	1.1654257099958362e-07	1.623485923474277e-09	0.12312823362648487
CNCP[0]	0.04251943424344063	0.0	0.0	3.072436817546986e-05	3.960829442206659e-11	9.189782823604276e-12	0.0003684551210675835	0.0
CNCP[1]	0.0	0.05063172611407936	0.009815962146974617	0.16778531357645987	0.21507453367114068	0.2750161371380091	0.006012719635891699	0.0007685491594020277
CNCP[2]	0.0	0.0017004824664636061	0.13133429184556009	0.0036833463439779734	0.01325911469219136	0.0029526513327800784	0.10195539973676204	0.016489307219162582
CNCP[3]	8.691411111927394e-09	0.0	0.02777784569072537	0.007101480743133379	2.8668766276496173e-08	4.2555653490126136e-05	0.02964773873896377	0.03214532840996981
CNCP[4]	6.578149507774356e-08	0.0	0.00931447713455924	0.002546438520261063	0.0	8.425315172644333e-08	0.01261838933411127	0.03220626203343272
CNCP[>4 & <=8]	3.738856743318309e-08	0.0	3.143496984336026e-05	0.0027737549770527137	0.0	0.0	0.011847534263506532	0.07375636294484139
CNCP[>8]	1.7510420306621198e-07	1.5135986981107407e-07	0.0	6.653177621274153e-08	1.3628299100787444e-07	0.0	1.798238876622027e-08	0.05512574303895235
OsCN[0]	0.046136361360549924	0.0	0.08337686784565448	0.03917166904429905	0.014433451078366489	0.002875847436245289	2.3828352277632803e-06	0.15283216670155525
OsCN[1]	0.0006522197255981154	0.023047982696443797	0.02698366219177842	0.03464309687260538	0.007966533150465693	0.02167850368656218	0.074818370975554	0.028114748056977987
OsCN[2]	7.54272553137584e-09	0.0027055924921296536	0.008445348963141442	0.00807353907446668	0.004461235378403217	0.005602610697969794	1.3340013847482623e-05	0.004585126356687397
OsCN[3]	1.6331608510000706e-10	0.0013413209712598473	0.003446827554726042	0.003585324861924164	0.007038703444413841	0.009206297735217958	0.009630630686879159	6.86507306090789e-05
OsCN[4]	3.3769707581399186e-08	7.092912108844417e-05	0.0012500653543975205	0.00208776839543134	0.0024864550039637836	0.0033924336160998793	1.338735766687194e-09	8.482645580443204e-07
OsCN[>4 & <=10]	1.8301676139031998e-08	0.0	0.0004630615156314155	0.0016717368819990951	0.007757308674044907	0.010375834268052131	0.0009755669537116773	0.0
OsCN[>10]	5.422100400664931e-08	4.4451529679356835e-11	5.165231954460392e-06	1.0688967036142083e-05	0.0018709513416979462	0.0018495068897027523	8.805051345817106e-09	2.8608678896702157e-09
SS[<=2]	9.393193916906739e-08	1.83666587610265e-05	0.0006420802281354554	0.0002035960683133453	1.5590552723713087e-05	0.0013997868474689313	0.0008445031527662649	0.0019311908294912428
SS[>2 & <=3]	6.766679698344547e-08	0.0	0.00014289049770574991	0.0021744654673415196	1.935269341956314e-05	0.004574519918533042	0.011841449558609315	0.007705452227964997
SS[>3 & <=4]	2.037637194529651e-09	0.0	0.0005457518808543682	0.008936701264657928	0.00038716812627389056	0.027731730438536033	0.05089892280401159	0.017636054791510106
SS[>4 & <=5]	6.262966811831916e-12	0.00023451664593636677	0.0024119158500056238	0.0013530820608139039	0.023357208236852823	0.10585575783625245	0.0357647268846631	0.05531613670289517
SS[>5 & <=6]	1.0643170489355036e-06	1.6114932339735395e-45	0.08227995283901691	0.004440390239228691	0.08050734151154756	0.10934637695550918	0.0016869369708001614	0.07552141323685646
SS[>6 & <=7]	0.0	8.37430078536272e-05	0.07671006394550205	0.14941535036079587	0.07252173375338317	0.007009822375375747	0.02110408516600728	0.025350182792171837
SS[>7 & <=8]	0.016994057036936284	0.11691765569150447	0.007763282015512232	0.05802270475076512	0.027231085961684585	0.007038321223808453	0.07528447732329369	0.0016268834550282917
SS[>8]	0.03500721916556358	0.003911442735698074	1.0741465383823368e-09	2.5271299719520355e-10	4.3606216859615186e-10	9.816160551068265e-10	2.583757297003331e-10	1.6493385301963314e-09
NC50[<=2]	0.0011952298716641962	4.0977350401760756e-11	2.6549697995648104e-11	7.253264655560088e-11	3.5937064994662205e-09	1.1856356171513483e-06	0.0	5.173169686514711e-05
NC50[3]	0.0005964707565726713	6.648150224888293e-05	2.5435809821794388e-06	1.919857895700261e-06	2.2405092737187714e-05	9.019628943602864e-06	0.0	8.710468497156398e-05
NC50[4]	0.0001833209188771434	0.0006548692967044189	3.972621030791102e-06	4.995233175577596e-06	0.00011717879035986422	3.1121202878336975e-06	2.5356461663506025e-06	4.013856454587405e-05
NC50[5]	3.0291909675526084e-05	0.0007962674123700708	5.858182601247506e-06	2.649797825604594e-11	3.3249082508679527e-06	1.131237747669489e-05	0.00011033224093807803	3.1709009476799113e-07
NC50[6]	4.472969665521021e-06	0.0005398431472713128	1.1227481109345738e-05	0.00018474870230420493	5.614971573608684e-07	2.3015777643342616e-06	0.00036275225473218596	3.007149862455094e-11
NC50[7]	1.3432454659074722e-05	7.513907505199313e-05	2.0908068638021414e-05	0.00035969009484688286	8.905491865505155e-06	5.080841407476555e-06	0.00021632276485433977	0.0
NC50[>7]	3.0558289436157795e-05	3.0459766366419672e-06	2.055363028346524e-06	7.603624240800854e-05	4.862664094362757e-06	4.2749257066265757e-07	5.998830824864854e-05	1.754155154465309e-11
BoChr[1]	3.718250890976549e-05	0.008169391471892596	0.011073169317096471	0.01656614906154573	0.000753934814420063	0.02820058832876384	0.011050902471179142	0.013293698634952307
BoChr[2]	0.00014234068792063682	0.0007793897447829362	0.016976471715606747	0.01990233166143298	0.00601786028011702	0.007161532755708322	0.006420308905653656	0.0
BoChr[3]	0.00017624704767740695	0.0008928944659510251	0.02653362074866891	0.0050925249082501975	0.011564786327071488	0.005678456804016605	0.005973383425734937	0.00018589772924315184
BoChr[4]	6.234326896947806e-09	0.0021774849820667443	0.010350424943608232	0.007237450458342209	0.006126484203058907	0.006731587322137784	0.006681633915286511	0.005224317415677433
BoChr[5]	9.568573192169083e-06	0.00514931435638573	0.0026151786299951946	0.00495561633259058	0.0015265300159035178	0.023774849658366293	0.006356114575173706	0.010887961802072823
BoChr[6]	6.568659444297964e-05	0.00040677017588519224	0.025407312652096153	0.010210705029312522	0.011804630046244711	0.0008474981349844427	0.0041103339463006705	0.003645106167969061
BoChr[7]	0.00021332111238734798	0.00557726755272597	0.009713810733519495	0.005709217751864344	0.0003595181304262951	0.022535606201272457	0.007242944412864744	0.0026043350005420505
BoChr[8]	1.4168629947568512e-05	0.003231950578338001	0.011186436116695404	0.032124150928102606	0.006982917135149096	0.00016220933473960031	0.002295549641276011	0.020982436784543097
BoChr[9]	5.178741431862477e-05	0.004171096843201667	0.015017511476762592	0.0008034295766992745	0.007745903413742781	0.0022647896217014387	0.004984143611509353	0.0007660037608462745
BoChr[10]	4.590950811966366e-05	0.0010594439198212057	0.010378754107514397	0.014742235912708566	0.006105280564515852	0.0001457768213003874	0.004706988356338116	4.309790165279992e-07
BoChr[11]	1.8572331155874977e-06	0.002006925518465604	0.01006491653656532	0.004440477668977111	0.007276552561897751	0.00920991399907507	0.006768288773018867	0.025595216909067915
BoChr[12]	1.7984924935022267e-08	0.0043690586392767725	0.0004155888216337189	0.006118787055311259	0.0019286155732697807	0.014660020938608796	0.0036189954855944963	0.03949655491858721
BoChr[13]	8.020607745720554e-05	0.0036377634271048008	0.005544062570552341	0.006225065860198811	0.0034221838670782743	0.002091817156469915	0.002655092561914216	1.0683342099322424e-05
BoChr[14]	0.0003671908324758988	0.002388277659192681	0.008248927072854713	0.00725449052406475	0.0028681714119784376	0.0005862934008195974	0.002008744173035666	0.002204796741716564
BoChr[15]	9.940669892571919e-08	0.001696479622623883	0.006695093931630254	0.005949606583453715	0.0016987116712876898	0.0008423313811994467	0.002816546398774449	0.0017609285749495029
BoChr[16]	1.0782369810513614e-06	0.005459935758262873	0.00630660610855557	0.0056543219671584665	0.0013489471035791213	0.003017847990849987	0.004872306718025357	0.0014808562637244904
BoChr[17]	0.00020171095560996832	0.005146116537853586	0.007621225149966056	0.005138480502646417	0.004334024166928351	0.005459195640869438	0.0026655997571651824	0.02488015117123723
BoChr[18]	6.21090836887106e-06	0.002383857729728334	0.013296864321455359	0.0006609818816377811	0.005521984149236232	0.00024020286544391924	0.0006063369010371389	0.0019079910201253369
BoChr[19]	4.0576222852806155e-08	0.0048664797609671955	0.012918305583298206	0.0004133532295036853	6.701563747952833e-06	0.00950226988948998	0.0006827232735849975	0.003730232458328828
BoChr[20]	2.6782146100856608e-08	0.00390665209852159	0.00856312108808197	0.0059975641558412465	0.0003320884039567318	0.003898750475491397	0.0005330509186546555	0.0062799533084034916
BoChr[21]	0.0002123814244987443	0.001584192945738323	0.005224899342283607	0.0012771198877999268	0.0030788989475695415	0.001115305147250183	0.0008307925770350267	0.002355500280391425
BoChr[22]	0.00027357830331311563	0.0017586211091838778	0.0076637181034311655	0.00029800086180330253	0.003075203349580988	0.0006627043011440037	0.0006421531787782442	0.0004098620087643252
BoChr[23]	0.00125376685988158	7.328877832151193e-05	0.0022072442305299234	0.009320007830392569	0.004254947936860844	0.005418573468341492	0.007203168831765651	0.005215626277495175
