MutationType	SBS80A	SBS80B	SBS80C	SBS80D	SBS80E	SBS80F	SBS80G	SBS80H	SBS80I	SBS80J	SBS80K	SBS80L	SBS80M	SBS80N	SBS80O	SBS80P
BP10MB[0]	2.25E-03	1.09E-02	3.56E-03	1.78E-03	3.06E-04	1.13E-02	1.32E-03	8.38E-04	4.91E-03	3.22E-03	4.99E-03	1.00E-03	1.10E-02	4.01E-03	2.82E-03	3.83E-03
BP10MB[1]	1.17E-05	1.69E-03	3.40E-03	1.98E-04	3.29E-04	3.83E-03	6.04E-04	1.06E-04	3.25E-04	3.77E-04	2.06E-03	9.91E-05	2.74E-03	4.73E-04	7.08E-04	1.03E-03
BP10MB[2]	0.00E+00	2.56E-03	1.49E-03	9.98E-04	4.17E-04	8.26E-04	3.49E-04	2.80E-47	2.85E-03	1.63E-03	1.20E-03	6.11E-04	2.38E-03	2.87E-04	1.09E-03	6.51E-04
BP10MB[3]	3.74E-10	3.49E-04	5.05E-04	3.98E-04	3.11E-04	3.73E-04	2.62E-04	6.36E-05	2.47E-04	3.79E-04	3.78E-04	1.22E-04	5.21E-04	2.18E-04	5.30E-04	4.39E-04
BP10MB[4]	6.15E-10	3.75E-04	8.11E-04	5.17E-04	2.08E-04	0.00E+00	2.57E-04	1.95E-06	5.42E-04	4.27E-04	3.16E-04	2.92E-04	5.16E-04	5.71E-05	3.55E-04	1.12E-04
BP10MB[5]	1.43E-09	3.13E-40	3.16E-04	1.91E-04	1.85E-04	3.05E-05	9.55E-05	6.80E-05	1.09E-04	1.88E-04	1.43E-04	5.77E-05	1.10E-04	1.84E-04	2.47E-04	2.23E-04
BP10MB[>5]	2.57E-09	0.00E+00	7.24E-05	8.14E-04	5.72E-04	0.00E+00	2.21E-04	3.35E-04	4.53E-04	1.94E-04	3.57E-04	9.80E-04	1.01E-04	6.87E-04	6.12E-04	5.12E-04
BPArm[0]	3.06E-04	8.68E-04	9.83E-05	4.37E-05	3.16E-05	1.15E-03	1.33E-04	7.32E-05	2.39E-04	1.70E-04	2.14E-04	9.99E-05	4.30E-04	3.42E-04	1.40E-04	1.50E-04
BPArm[1]	6.54E-05	3.31E-04	5.99E-05	5.16E-10	1.57E-06	5.50E-04	2.61E-06	1.27E-05	3.92E-06	5.30E-09	6.72E-05	6.04E-06	1.06E-04	1.17E-06	1.64E-06	3.30E-08
BPArm[2]	8.53E-05	8.81E-04	0.00E+00	6.54E-10	1.33E-06	8.37E-04	2.40E-05	7.72E-06	9.44E-05	4.18E-05	1.48E-05	1.97E-47	4.78E-04	3.87E-05	6.63E-11	2.14E-05
BPArm[3]	1.95E-09	1.67E-04	2.64E-04	1.13E-06	0.00E+00	4.03E-04	9.94E-06	3.28E-06	5.84E-05	4.63E-05	2.01E-04	6.00E-06	2.35E-04	4.32E-05	2.50E-05	8.04E-05
BPArm[4]	1.17E-09	3.68E-04	8.44E-05	1.60E-05	8.69E-07	1.94E-04	2.69E-05	2.49E-05	2.83E-04	1.47E-04	4.74E-05	2.65E-05	2.82E-04	2.61E-05	2.93E-05	5.06E-05
BPArm[5]	2.20E-09	1.39E-04	2.57E-04	2.49E-05	5.29E-06	2.78E-04	1.90E-05	6.80E-06	8.26E-05	5.30E-05	1.67E-04	1.06E-06	1.91E-04	4.68E-05	4.23E-05	1.11E-04
BPArm[6]	7.54E-10	2.15E-04	9.32E-05	4.09E-05	2.13E-05	7.96E-05	4.78E-05	8.97E-06	2.21E-04	1.29E-04	8.54E-05	4.62E-05	1.68E-04	2.94E-05	8.63E-05	7.01E-05
BPArm[7]	1.53E-09	1.10E-04	1.62E-04	3.28E-05	1.70E-05	1.51E-04	1.83E-05	1.11E-05	6.75E-05	5.00E-05	1.05E-04	5.76E-06	1.33E-04	1.74E-05	1.02E-04	1.16E-04
BPArm[8]	1.24E-09	1.51E-04	7.67E-05	4.78E-05	2.18E-05	2.56E-05	6.21E-05	1.58E-06	1.57E-04	7.33E-05	4.69E-05	4.13E-05	1.20E-04	5.53E-05	5.12E-05	5.01E-05
BPArm[9]	1.52E-09	6.16E-05	7.06E-05	4.81E-05	1.89E-05	7.33E-05	2.11E-05	2.02E-06	5.18E-05	4.48E-05	6.62E-05	2.03E-05	7.79E-05	5.19E-05	8.21E-05	6.62E-05
BPArm[10]	1.32E-09	9.95E-05	6.52E-05	4.61E-05	8.41E-06	2.06E-05	3.74E-05	1.73E-06	1.03E-04	6.79E-05	3.20E-05	2.73E-05	8.43E-05	2.68E-05	4.78E-05	4.65E-05
BPArm[>10 & <=20]	1.20E-09	1.31E-04	4.58E-04	2.73E-04	1.48E-04	1.79E-05	1.09E-04	2.33E-05	2.28E-04	2.23E-04	1.38E-04	1.23E-04	2.37E-04	9.44E-05	2.40E-04	1.47E-04
BPArm[>20 & <=30]	2.21E-09	0.00E+00	1.46E-04	9.97E-05	9.82E-05	0.00E+00	1.33E-05	4.25E-05	6.46E-05	9.12E-05	6.39E-05	7.15E-05	4.18E-05	7.30E-05	1.32E-04	6.81E-05
BPArm[>30]	2.43E-09	0.00E+00	0.00E+00	1.31E-04	8.86E-05	0.00E+00	4.01E-06	4.88E-05	4.84E-05	8.44E-07	3.55E-05	1.49E-04	3.09E-05	8.10E-05	6.88E-05	3.61E-05
CN[0]	5.98E-07	1.04E-03	6.60E-05	0.00E+00	2.32E-06	3.60E-09	6.09E-04	8.57E-06	4.29E-03	1.89E-03	0.00E+00	5.59E-04	3.17E-03	4.10E-09	0.00E+00	1.01E-09
CN[1]	1.07E-04	3.79E-04	3.19E-04	2.19E-04	0.00E+00	5.08E-05	6.37E-03	0.00E+00	2.19E-03	1.33E-03	2.40E-47	5.83E-04	2.04E-03	7.49E-04	3.23E-04	1.63E-04
CN[2]	2.19E-03	4.49E-03	1.92E-03	3.53E-03	4.27E-04	1.53E-04	3.20E-03	4.18E-04	7.40E-03	2.23E-03	9.31E-04	1.98E-03	4.04E-02	7.53E-04	8.85E-04	5.73E-04
CN[3]	2.19E-06	1.59E-03	3.78E-03	4.93E-03	5.39E-04	2.71E-03	0.00E+00	3.40E-04	1.06E-03	2.28E-03	1.07E-02	3.60E-03	5.08E-03	4.29E-03	5.87E-03	4.45E-03
CN[4]	4.37E-10	8.99E-04	1.06E-03	1.56E-03	5.22E-03	6.64E-04	0.00E+00	4.56E-04	4.20E-03	1.29E-03	9.69E-03	2.63E-03	2.43E-03	3.11E-03	3.42E-03	3.58E-03
CN[>4 & <=8]	2.56E-09	3.63E-08	6.65E-08	7.76E-04	5.56E-03	1.40E-47	0.00E+00	1.74E-03	9.99E-04	2.67E-03	8.22E-03	2.56E-03	1.35E-07	1.68E-05	2.42E-03	1.53E-03
CN[>8]	4.21E-09	4.90E-09	6.42E-10	4.22E-09	4.48E-04	4.61E-09	1.79E-09	1.40E-03	2.66E-08	6.39E-05	1.25E-07	7.33E-08	3.54E-08	1.69E-08	3.54E-08	1.77E-04
CNCP[0]	1.73E-04	3.21E-05	1.22E-09	2.47E-09	0.00E+00	7.45E-05	1.40E-47	0.00E+00	4.67E-05	3.94E-05	2.41E-10	1.24E-05	3.45E-05	0.00E+00	0.00E+00	0.00E+00
CNCP[1]	0.00E+00	3.52E-03	4.51E-03	5.73E-03	2.08E-03	2.58E-03	5.05E-03	1.40E-47	1.03E-03	2.65E-03	5.29E-03	1.14E-02	7.44E-03	5.51E-03	5.57E-03	5.69E-03
CNCP[2]	1.34E-09	2.23E-03	1.15E-03	1.17E-03	5.26E-03	1.81E-04	1.17E-04	7.33E-04	7.83E-03	4.42E-03	7.42E-03	2.91E-03	3.79E-03	3.64E-03	2.57E-03	3.36E-03
CNCP[3]	3.22E-09	4.90E-09	6.48E-04	6.42E-04	1.49E-03	1.16E-04	1.48E-07	7.61E-04	1.23E-03	2.37E-03	4.33E-04	2.40E-04	2.80E-04	4.64E-04	1.01E-03	8.50E-04
CNCP[4]	4.06E-09	5.74E-09	8.96E-05	2.27E-04	6.64E-04	2.35E-08	0.00E+00	4.81E-04	4.64E-04	1.21E-03	1.86E-04	6.94E-06	1.08E-04	8.06E-05	2.54E-04	3.59E-04
CNCP[>4 & <=8]	3.99E-09	4.26E-09	5.88E-08	3.44E-05	4.34E-04	5.33E-09	0.00E+00	8.04E-04	3.74E-04	1.33E-03	2.21E-41	4.04E-08	1.99E-08	2.33E-08	2.49E-05	2.44E-04
CNCP[>8]	2.02E-09	1.12E-08	2.66E-10	1.08E-09	1.90E-09	5.91E-09	1.05E-07	8.27E-04	6.35E-08	3.53E-08	6.36E-08	5.81E-08	4.18E-08	1.58E-08	1.01E-09	8.40E-09
OsCN[0]	1.11E-03	4.70E-04	3.15E-03	2.04E-03	4.02E-03	1.26E-03	3.22E-04	1.97E-03	2.39E-03	2.31E-03	2.09E-03	1.28E-03	1.11E-02	3.65E-03	1.03E-02	9.94E-03
OsCN[1]	2.38E-05	1.18E-03	1.08E-03	8.23E-04	5.19E-04	5.66E-04	4.57E-47	4.08E-04	1.46E-03	1.81E-03	1.23E-03	1.64E-03	1.72E-03	8.87E-04	1.36E-03	1.16E-03
OsCN[2]	3.17E-10	1.73E-04	4.38E-04	1.87E-04	2.62E-04	4.11E-04	2.01E-04	1.14E-04	3.91E-04	1.57E-04	4.84E-04	3.90E-04	4.67E-04	3.60E-04	4.36E-04	4.00E-04
OsCN[3]	2.36E-10	3.52E-04	2.59E-04	2.04E-04	1.52E-04	2.82E-05	2.16E-04	1.50E-05	3.42E-04	2.85E-04	2.46E-04	4.27E-04	4.16E-04	1.56E-04	2.12E-04	1.98E-04
OsCN[4]	9.55E-10	3.04E-05	7.26E-05	9.56E-05	6.17E-05	6.15E-05	8.25E-05	6.55E-07	7.72E-05	9.86E-06	9.96E-05	1.74E-04	1.05E-04	1.11E-04	8.51E-05	8.95E-05
OsCN[>4 & <=10]	9.87E-10	1.30E-04	1.95E-04	3.34E-04	4.75E-05	0.00E+00	2.07E-04	0.00E+00	1.81E-04	2.92E-05	1.42E-04	4.16E-04	1.72E-04	1.56E-04	1.02E-04	4.91E-05
OsCN[>10]	1.02E-09	1.98E-10	1.76E-05	1.12E-04	2.52E-10	0.00E+00	5.52E-05	2.12E-09	8.43E-06	0.00E+00	3.27E-06	1.07E-04	1.88E-05	4.67E-05	1.31E-05	3.21E-06
SS[<=2]	4.30E-09	6.85E-08	0.00E+00	3.57E-05	4.76E-05	4.92E-06	1.44E-06	3.31E-05	3.13E-05	1.85E-04	5.31E-05	2.14E-04	1.27E-04	4.18E-05	4.63E-05	7.81E-05
SS[>2 & <=3]	4.77E-09	0.00E+00	0.00E+00	1.04E-04	7.87E-05	1.89E-07	0.00E+00	1.75E-04	1.18E-04	1.60E-03	8.14E-05	1.77E-03	9.97E-04	1.01E-04	6.39E-05	1.34E-04
SS[>3 & <=4]	4.97E-09	5.19E-09	5.89E-07	7.05E-04	2.42E-04	1.40E-47	6.05E-05	4.57E-04	8.58E-04	6.48E-03	4.41E-04	7.61E-03	4.51E-03	1.49E-03	3.73E-04	2.40E-04
SS[>4 & <=5]	1.30E-11	7.80E-04	0.00E+00	4.49E-03	8.43E-04	7.85E-06	1.44E-03	2.06E-03	3.63E-03	3.17E-03	3.90E-03	8.83E-03	6.16E-03	3.77E-03	4.33E-03	3.99E-03
SS[>5 & <=6]	0.00E+00	7.04E-04	6.64E-04	4.27E-03	3.90E-03	3.33E-04	2.75E-03	2.16E-03	4.80E-03	5.98E-04	2.64E-03	5.27E-03	1.62E-03	4.60E-03	4.53E-03	4.50E-03
SS[>6 & <=7]	0.00E+00	1.62E-03	3.62E-03	4.27E-03	3.53E-03	1.66E-03	2.45E-03	1.08E-03	2.82E-03	4.10E-03	2.92E-03	1.57E-03	3.39E-03	2.63E-03	5.13E-03	4.08E-03
SS[>7 & <=8]	1.98E-04	2.25E-03	2.28E-03	9.46E-04	6.08E-04	2.50E-03	7.38E-04	1.18E-04	2.72E-03	1.62E-03	2.14E-03	9.65E-04	3.91E-03	1.18E-03	1.79E-03	1.43E-03
SS[>8]	1.39E-04	4.32E-04	0.00E+00	2.41E-09	4.69E-10	5.75E-04	0.00E+00	1.94E-10	1.10E-09	0.00E+00	2.88E-09	2.88E-09	2.90E-09	1.25E-10	2.92E-09	1.08E-08
NC50[<=2]	7.16E-06	0.00E+00	3.59E-11	3.59E-08	1.72E-07	8.55E-11	5.58E-10	5.57E-06	2.11E-06	0.00E+00	2.03E-06	1.66E-06	3.40E-06	4.84E-07	1.57E-06	3.04E-06
NC50[3]	6.92E-06	1.19E-05	0.00E+00	7.69E-07	1.05E-06	2.21E-05	5.49E-06	6.45E-06	4.61E-07	0.00E+00	2.33E-06	1.73E-06	2.53E-06	4.49E-06	4.48E-06	2.35E-06
NC50[4]	6.16E-06	4.25E-05	0.00E+00	2.03E-06	6.61E-07	4.62E-05	1.47E-05	3.70E-06	1.26E-06	2.21E-11	7.72E-07	5.00E-06	1.41E-06	2.91E-05	9.81E-06	4.30E-06
NC50[5]	1.90E-06	2.43E-05	2.20E-07	1.14E-06	3.40E-06	2.46E-05	0.00E+00	3.98E-07	6.59E-06	9.37E-07	3.96E-06	1.91E-06	6.32E-06	0.00E+00	4.60E-06	9.39E-08
NC50[6]	6.42E-07	2.53E-05	1.55E-05	9.24E-06	1.96E-06	1.91E-05	0.00E+00	0.00E+00	1.79E-05	1.55E-05	4.97E-05	2.24E-06	1.64E-05	0.00E+00	1.84E-06	8.46E-06
NC50[7]	9.03E-07	9.51E-06	1.36E-05	7.60E-06	1.17E-06	9.40E-06	1.93E-07	0.00E+00	1.92E-05	1.97E-05	3.91E-05	2.91E-06	1.72E-05	0.00E+00	2.76E-06	8.14E-06
NC50[>7]	1.56E-06	3.48E-06	3.95E-06	9.34E-07	0.00E+00	2.57E-06	1.52E-06	9.34E-12	7.32E-06	6.49E-06	1.36E-05	6.66E-07	7.89E-06	9.39E-10	2.93E-06	8.78E-06
BoChr[1]	3.34E-06	5.62E-04	1.46E-03	1.95E-03	1.76E-03	6.19E-04	5.70E-04	7.33E-04	1.66E-03	1.95E-03	1.22E-02	8.03E-03	1.07E-02	7.38E-03	2.37E-02	4.85E-03
BoChr[2]	6.84E-06	2.08E-03	1.83E-03	1.00E-03	1.52E-03	8.69E-08	6.09E-04	0.00E+00	4.78E-04	4.92E-04	3.74E-03	1.25E-03	3.35E-03	2.40E-47	2.78E-03	0.00E+00
BoChr[3]	1.14E-05	3.05E-03	1.30E-03	7.42E-04	1.79E-03	3.23E-04	8.55E-04	7.50E-05	1.17E-03	5.27E-04	3.29E-03	1.88E-03	5.59E-03	2.41E-03	4.41E-03	4.23E-03
BoChr[4]	2.89E-09	2.38E-04	8.70E-04	7.83E-04	5.23E-04	4.02E-04	6.11E-04	3.15E-04	6.94E-04	2.95E-03	2.82E-03	4.23E-03	2.55E-03	6.89E-03	5.05E-03	4.97E-04
BoChr[5]	2.82E-07	2.54E-03	7.35E-04	1.06E-03	4.75E-04	3.93E-04	5.24E-04	6.60E-04	1.18E-03	3.79E-04	5.10E-03	7.14E-03	6.18E-03	4.05E-03	5.86E-03	3.36E-03
BoChr[6]	4.96E-06	5.27E-04	8.13E-04	1.56E-03	1.27E-03	3.32E-04	6.79E-04	3.22E-04	9.88E-04	1.31E-03	7.88E-03	9.55E-03	3.96E-04	5.43E-03	1.41E-02	5.98E-03
BoChr[7]	1.12E-05	4.17E-04	7.82E-04	6.74E-04	1.44E-03	5.08E-04	3.32E-04	1.54E-04	1.44E-03	5.57E-04	5.21E-03	9.77E-03	1.02E-02	5.09E-03	1.13E-02	6.56E-03
BoChr[8]	2.64E-07	7.02E-05	1.30E-03	4.02E-04	2.18E-04	4.42E-04	7.76E-05	2.93E-04	3.03E-04	8.06E-04	1.57E-04	4.08E-04	9.48E-05	1.36E-02	5.42E-08	3.06E-05
BoChr[9]	6.52E-07	2.83E-04	2.25E-04	9.71E-04	6.01E-04	1.55E-03	6.45E-04	1.02E-04	4.57E-04	5.58E-04	2.64E-03	4.54E-04	4.81E-03	4.02E-05	3.96E-03	3.85E-03
BoChr[10]	4.29E-06	2.89E-04	1.03E-03	4.16E-04	4.88E-04	1.71E-04	4.67E-04	0.00E+00	4.14E-04	6.48E-04	2.07E-03	6.60E-05	1.85E-03	3.06E-03	2.68E-03	4.86E-04
BoChr[11]	6.04E-07	1.04E-04	6.77E-04	8.60E-04	8.33E-04	2.57E-04	3.95E-04	1.37E-03	2.22E-03	1.05E-03	2.65E-03	1.98E-03	1.41E-03	4.47E-03	2.04E-02	1.30E-02
BoChr[12]	1.03E-08	1.25E-04	6.98E-04	8.06E-04	3.97E-05	2.72E-04	4.52E-04	2.83E-03	2.48E-03	1.12E-04	1.07E-02	7.30E-03	1.53E-02	3.62E-03	8.37E-03	6.86E-03
BoChr[13]	2.25E-06	2.82E-04	3.39E-04	6.80E-04	3.87E-04	3.34E-04	5.07E-04	8.21E-06	2.19E-04	4.68E-04	2.73E-03	1.55E-04	1.98E-03	1.36E-04	2.17E-03	2.96E-04
BoChr[14]	1.57E-05	2.22E-04	5.70E-04	7.01E-04	4.87E-04	2.93E-04	2.39E-04	1.22E-04	2.81E-04	1.75E-03	1.33E-03	1.14E-04	2.57E-03	1.91E-03	2.28E-03	1.49E-03
BoChr[15]	2.22E-07	1.35E-04	3.29E-04	5.05E-04	3.29E-04	1.98E-04	1.42E-04	7.71E-05	1.95E-04	1.21E-03	8.05E-04	1.84E-04	1.55E-03	1.12E-03	1.57E-03	2.02E-03
BoChr[16]	3.86E-08	2.09E-04	2.47E-04	5.56E-04	2.13E-04	2.66E-04	8.94E-05	9.83E-05	3.21E-04	3.55E-04	9.75E-04	3.82E-05	5.84E-04	3.71E-04	6.36E-04	1.02E-03
BoChr[17]	3.22E-06	1.46E-04	5.71E-05	4.69E-04	7.64E-04	2.94E-04	5.71E-05	5.05E-04	6.35E-05	4.38E-04	2.60E-04	4.11E-06	3.53E-04	7.95E-03	1.58E-04	1.45E-02
BoChr[18]	5.35E-09	1.63E-04	4.76E-04	8.21E-04	7.29E-04	1.49E-03	3.85E-04	1.12E-04	1.81E-04	2.16E-03	2.56E-03	1.15E-03	4.80E-03	2.78E-03	3.88E-03	3.78E-03
BoChr[19]	4.87E-09	2.73E-04	7.84E-05	2.37E-03	8.53E-04	1.74E-03	1.29E-04	2.50E-04	3.15E-05	2.47E-04	3.84E-03	1.22E-03	2.58E-03	1.92E-03	5.51E-03	6.70E-03
BoChr[20]	3.05E-09	2.03E-04	2.70E-04	1.95E-03	6.08E-04	2.51E-04	5.97E-05	3.44E-04	1.02E-04	2.25E-04	3.04E-03	3.23E-05	2.70E-03	1.45E-03	2.80E-03	4.37E-03
BoChr[21]	7.95E-06	7.60E-05	2.67E-04	2.34E-04	2.67E-04	2.04E-04	3.74E-04	1.18E-04	1.25E-04	2.75E-04	8.24E-04	1.19E-03	1.72E-03	1.03E-03	4.79E-04	5.30E-04
BoChr[22]	1.13E-05	1.32E-04	9.97E-05	6.28E-04	2.91E-04	6.19E-04	2.20E-04	3.23E-05	1.68E-04	1.78E-04	1.29E-03	5.58E-05	1.92E-03	1.21E-03	1.25E-03	2.09E-03
BoChr[23]	2.35E-05	4.84E-05	6.42E-04	4.01E-04	3.47E-04	6.04E-05	6.19E-04	2.32E-04	3.49E-04	7.01E-04	1.63E-03	3.08E-03	3.76E-04	8.96E-04	1.44E-04	2.56E-04
