MutationType	SBS80A	SBS80B	SBS80C	SBS80D	SBS80E	SBS80F	SBS80G	SBS80H	SBS80I	SBS80J	SBS80K	SBS80L	SBS80M	SBS80N	SBS80O	SBS80P
BP10MB[0]	0.7217846721410751	0.45996743384748695	0.038811736996304	0.0029419442281810437	0.0011162472317665256	0.5427243918925524	0.015333865738666469	0.024757563420571387	0.053096094995271945	0.06174074095673859	0.040601997992320935	0.0022469096065716667	0.06380439084042874	0.0695679587937494	0.020455203072505	0.04635016005366056
BP10MB[1]	1.8475328193261476e-05	0.004673886742857576	0.058930730279535055	0.0006100520410109311	0.00198370356570182	0.09743452740833164	0.006520598646529195	0.0010060000204248354	0.002321068767829999	0.0011001016781665386	0.004213490368081807	0.0003345020834240131	0.006693078499899911	0.0036173507256899036	0.004450499757515419	0.003478869880491402
BP10MB[2]	0.0	0.0940683388710022	0.04729253329336643	0.008735155723406933	0.001971262544402524	0.0025891091104085716	0.0007066249133276883	2.802596928649634e-47	0.04178474208340049	0.04973349691252224	0.00856465261064309	0.0012387197981894354	0.007966453719102446	0.0008309287426527589	0.008405552883182281	0.001902381903710193
BP10MB[3]	8.692684022593156e-10	0.0009513727024818763	0.028801579140126706	0.0031809006673574913	0.004113050757732708	0.002176255675731227	0.0044229475557222035	0.0007788428865387687	0.004038397667754907	0.003140016085089883	0.001992795617433295	0.0001519405411090702	0.001949702058739824	0.0007627057124045678	0.004435724727084569	0.0019416475155912848
BP10MB[4]	1.8047064190285234e-09	0.0029084632352942208	0.013961670910939574	0.011655725021846593	0.001957462334053176	0.0	0.0025154276941619005	2.8235721447346094e-06	0.013584994028933579	0.012927656800020487	0.0015637916872952929	0.002081162999074877	0.00182425942400414	9.281663340516389e-05	0.0020143403816391234	0.000266635850421153
BP10MB[5]	1.6148827155504362e-08	3.1314825190057473e-40	0.006106390884378925	0.0042354007763788105	0.0030514436747762375	4.230978898704052e-05	0.001514837133254332	0.0012720373900810954	0.0009763467249413793	0.0017852984815544914	0.00041085776545145335	0.00018146508125937543	0.0003155242681121706	0.0017476718606508257	0.0012156271605877579	0.0014168560994747281
BP10MB[>5]	1.604306666846966e-08	0.0	0.00012304247007705271	0.021190773839106215	0.009941068209009245	0.0	0.0022035549884211036	0.013802762016421184	0.0023034884174893476	0.0011256665990367766	0.0005951761648066167	0.013638650576649525	0.0002076013801277554	0.005205535500293774	0.0017773179650683345	0.0024201647170944795
BPArm[0]	0.10428697407245636	0.019293701730202884	0.0016506581445719349	0.0003657726823077944	0.0001747102358065776	0.02715148749004584	0.0012994673532011802	0.0011133497516857462	0.003473965407392825	0.002989877669897396	0.0013319845421928692	0.00036117974970695845	0.002701363364484489	0.003828228516491027	0.0006151279915641987	0.0005150089522416769
BPArm[1]	0.0008890501841342768	0.0008252397241164999	0.00015417624511869122	1.0119795668117603e-09	1.5766185852328363e-06	0.025670871294569225	3.856822536345561e-06	4.6061225422429074e-05	5.416067553341009e-06	5.2974070285927156e-09	0.00011533478784560458	1.5307890407960655e-05	0.00016201169593934138	1.2388392115170176e-06	1.649496272140283e-06	3.583120577133059e-08
BPArm[2]	0.0015314831980504096	0.025146292955614626	0.0	6.821591647110381e-10	2.1447268318386393e-06	0.018874376560652877	0.0001221995471498971	2.5187676712441486e-05	0.00031396013784353195	6.958744298529495e-05	1.770663109779136e-05	2.802596928649634e-47	0.0014529971193098846	0.00013299328447394565	6.626555748567852e-11	4.0862143217026416e-05
BPArm[3]	1.7483516489558148e-08	0.0021107795464922674	0.0020650041412409335	2.4471739436116023e-06	0.0	0.011923186215572059	1.999797536262893e-05	8.744247222693958e-06	0.0005176004364493636	0.00034378842067269723	0.00036739370148659135	1.0891453428274466e-05	0.0005332916145154787	0.00017133985506120552	6.678142062904513e-05	0.00016522073323841147
BPArm[4]	5.936571292330939e-09	0.015138832866214216	0.0005786418564969153	2.600343941594474e-05	8.693554264027626e-07	0.0037445449095685037	6.765973427469874e-05	0.0002749699693595176	0.0027692472352646292	0.001883565530861233	0.0001525788826688057	2.7693684969563038e-05	0.0006572394047988442	6.35471016777262e-05	7.991742832018645e-05	0.00012726685032248496
BPArm[5]	2.5091709281443995e-08	0.002168158742133528	0.003902649254887365	4.5004953899479e-05	8.314660080941393e-06	0.0036998332623625176	7.510930637116164e-05	3.0408385861395716e-05	0.0008087958627595527	0.00038590521737994263	0.00045892017409707717	1.0607401054585353e-06	0.0005388166266993721	0.00027177330488274974	0.00018964362026496762	0.0006654134914640508
BPArm[6]	3.913117979491981e-09	0.006973937847651541	0.001633159010690548	0.0001414698859480268	8.04782786872238e-05	0.0005018655509849168	0.00030751871314919297	5.16750482779571e-05	0.0027877341980969915	0.0032964121398981663	0.00048163002566752765	0.00012201809358197035	0.0005711607872732221	9.472649321040194e-05	0.0004944982421056921	0.0003951201659549497
BPArm[7]	2.740162994285811e-08	0.0012373713351001925	0.003955745821440359	8.622943621958257e-05	9.737381531746081e-05	0.001256195832729645	4.675005932567089e-05	6.258201772308292e-05	0.0005084382553232559	0.0006586695226678074	0.0003937677575049747	8.81060055235139e-06	0.0005737567979029023	5.117207862291196e-05	0.000874143470873463	0.0008962572223026654
BPArm[8]	1.1611218431739622e-08	0.003192033994710073	0.0024011683947173876	0.00023370784850666542	0.00010761931683205716	5.231191298662452e-05	0.00043795840291904005	2.2204531038028106e-06	0.0020952567165659275	0.002255116489541251	0.0001894276801759176	0.00010559801603449159	0.0005226837734676693	0.00034155111682736104	0.0002556594441040265	0.00016637474974459158
BPArm[9]	1.8249058645336547e-08	0.00043128771794727073	0.002693260530359112	0.00030699236129876794	0.00013065747442851715	0.00026901767746352335	0.00012489126709539278	5.0022774030367145e-06	0.0008202992755695959	0.0010848846929729916	0.00047814674061313455	5.734050008657121e-05	0.00041306704447514165	0.00018436884103834928	0.0006455901237586659	0.0003868126737961575
BPArm[10]	1.8054003083703417e-08	0.001179086743213702	0.0021189505263464526	0.00046109727498333086	1.9412805886531715e-05	2.6159048429690303e-05	0.0003249112452662217	2.9713920230278746e-06	0.0013749983711750246	0.002308568636653945	0.00014915825186088584	6.872212677025666e-05	0.00034673341465597915	8.017477971040061e-05	0.0002472309699762487	0.0002870955007734821
BPArm[>10 & <=20]	8.096281645109116e-09	0.0002859586593694985	0.011290196196641773	0.004521409096406614	0.0013859729737185943	1.789562636986375e-05	0.0009258785085489762	0.0001244969467552437	0.004503767073074414	0.006698269617045298	0.0003900180914482192	0.0010992808240439444	0.0007348202208192413	0.0004110281759305334	0.0013313638340423494	0.0006824710146952384
BPArm[>20 & <=30]	3.8288908887906817e-08	0.0	0.0012752256321255117	0.0028138072026195004	0.0016357229585946698	0.0	7.261790897672428e-05	0.0007005981076326862	0.0004373943554668358	0.0005819915562096867	0.0001248321941119457	0.00035675581991654324	0.00010435459074244591	0.0002849120005203076	0.0006448149243438194	0.00015906435073929969
BPArm[>30]	6.868569656148793e-08	0.0	0.0	0.0026573910983279346	0.0009745732960698205	0.0	9.438100814556093e-06	0.0026399925973964854	0.00010264137754425917	8.443461410934106e-07	3.5472938325256106e-05	0.0015048824570738618	3.088823778881533e-05	0.0002145309915714222	0.00014935800563989688	6.405173444690604e-05
CN[0]	1.024845414203668e-06	0.0018471181566503602	6.604122626514414e-05	0.0	3.287805593572557e-06	9.442563460027032e-09	0.003408167146000665	8.58329526856494e-06	0.07575488608858279	0.010065741522518308	0.0	0.0005592024892799153	0.005650018160231411	5.811089920371159e-09	0.0	1.0124651339538104e-09
CN[1]	0.0020968005098651685	0.0005676734615042278	0.0007035970830474981	0.000555970449349843	0.0	0.00010021389273333627	0.27519133627414705	0.0	0.023546405274964856	0.02785435614641756	4.203895392974451e-47	0.0017512756795215884	0.005323463848457663	0.002652927324453102	0.0006212344719619977	0.00021587493069318952
CN[2]	0.02183259968959515	0.04150609969595207	0.012259243292129298	0.06389829306863248	0.0006911513678196869	0.00015344103798270434	0.20080894336104393	0.001964268949450343	0.08179894470632347	0.01157313911574398	0.0017117930335524873	0.016930260489834616	0.4162060639820993	0.0013016567293223224	0.001943298233376373	0.0009494018065744057
CN[3]	2.300049135133264e-06	0.003138698634428394	0.05927918575704098	0.1201187031250447	0.0006365404906682912	0.032201228723861275	0.0	0.0016415081903695045	0.0015871332865208386	0.03087148633101606	0.1328647774599017	0.032765992788190486	0.029432520784391725	0.06849589810241014	0.05545746564684128	0.05536175498389639
CN[4]	6.328750623563195e-10	0.0013059181114658714	0.004530584798985728	0.009750174997896615	0.10716152979061007	0.002533941691100381	0.0	0.002425752889436481	0.021116589498698202	0.009311780803223898	0.19694840235635638	0.011690057804346737	0.012611970345997285	0.04346052070302506	0.029525379492154648	0.050613672370140673
CN[>4 & <=8]	1.2755698873823107e-08	3.634499762483756e-08	1.41841573680912e-07	0.0007765975872056785	0.2052490711398559	1.401298464324817e-47	0.0	0.06686241805553436	0.00099938135920425	0.05364010089920725	0.04132449105020068	0.003577870715976346	3.289219711177793e-07	2.470552993088404e-05	0.0033279326047459578	0.0019104446525821162
CN[>8]	1.2839076175996668e-07	2.898936669382124e-08	1.0702677388785275e-09	1.0068719928923997e-08	0.0018879573865550016	1.2919348848505762e-08	3.2855104947770996e-09	0.17579030215740205	4.008188726700723e-08	6.416611229427716e-05	3.360324568291162e-07	2.2658515369755605e-07	7.184545580685153e-08	5.717246045477964e-08	1.0697625594495778e-07	0.00017657112546377363
CNCP[0]	0.04589563272893429	3.7869976100211034e-05	1.5870765324166314e-09	2.865734911594586e-09	0.0	7.454543075567699e-05	1.401298464324817e-47	0.0	0.00041695135226987645	0.00029371453926188454	2.4090404338039664e-10	1.2374119833111764e-05	5.706738371236142e-05	0.0	0.0	0.0
CNCP[1]	0.0	0.06339800448156893	0.1792882201448083	0.2967701703682542	0.0067014316038694266	0.03779009768273681	0.24260064464062453	1.401298464324817e-47	0.0010337936878204346	0.005711619767840171	0.026633394142951038	0.23976345870643853	0.04202204966925087	0.04247287967125336	0.05377445871643328	0.05331321562739407
CNCP[2]	3.594250778116148e-09	0.0023690488899362093	0.0031599879851046354	0.0013455412472654072	0.13286835278897344	0.0002498307843907455	0.00011697698384523392	0.005467515050608398	0.29046295639127495	0.02122405908639422	0.05879186269414845	0.009246890871283995	0.012870303307641424	0.02426166285020603	0.01104029427475841	0.033039282165682096
CNCP[3]	1.6504655893090358e-08	8.18349947806496e-09	0.004554493693730137	0.0006416664496555313	0.03802040652217329	0.00011559531189867302	2.065311965182559e-07	0.02923156538978219	0.0038704966723594227	0.08554432268254458	0.0010156995020417269	0.0005318120506865398	0.0005730255500138881	0.0007528675529297857	0.002130975251109959	0.0013388508158847343
CNCP[4]	1.1138604589011613e-07	9.233453219792408e-09	0.0001263396390876892	0.00022708032280206682	0.015427136347345254	8.723679025379738e-08	0.0	0.032787172310054305	0.0012752731896548575	0.04085071404464543	0.0003350148892388916	7.289363602467347e-06	0.00019761706915462452	8.186389179314801e-05	0.0004971208092203483	0.00043474925335814876
CNCP[>4 & <=8]	1.0824068754189397e-07	9.69373745161654e-09	1.012561139290824e-07	3.4353657603813927e-05	0.0015883920629450542	2.6211961805522322e-08	0.0	0.08830030903220176	0.0007493232241925929	0.044962819386273625	2.2130622569173977e-41	4.504247442582709e-08	2.6545995854831973e-08	5.050043104581903e-08	2.510808240828055e-05	0.0002445319782495403
CNCP[>8]	1.9028708628354707e-07	2.5111532851340714e-07	2.657382047743795e-10	1.972541103789638e-09	1.8977199545133773e-09	5.648381244949263e-08	2.2726534568251466e-07	0.08025197736918926	6.720084238465152e-08	1.5993570430359802e-07	8.711531620519964e-08	1.4011797579212282e-07	1.9318585216865407e-07	1.852742798291729e-08	1.4444016693815343e-09	1.3012601947082203e-08
OsCN[0]	0.04536538275890464	0.0006103370152413845	0.05070502838798308	0.013897587072128771	0.10188991265837104	0.005403853875671678	0.0018904483906226233	0.18339898504316807	0.008288620719009394	0.006239092347405936	0.007074551297118887	0.003863136607980419	0.039799931277524486	0.04351698131542277	0.042773477520095186	0.08485494918573579
OsCN[1]	0.00016827027157290787	0.049521202379837634	0.028147810348309578	0.016150230462662875	0.03522368999198079	0.004421146795986974	9.80908925027372e-47	0.02498112339526415	0.04773893544450402	0.10184731336310505	0.022618192880763673	0.018739409323316067	0.022055963982402317	0.0055691396473763095	0.02304053217456129	0.018072132433917427
OsCN[2]	5.781251877223781e-10	0.00024201682826969774	0.011836765562184154	0.006454512123018503	0.007759754766375408	0.004852169455261901	0.0019260293789716343	0.003846378721354995	0.0027207508981518915	0.00022188366143382154	0.0034266931882727804	0.007496571709925775	0.0030391884255967483	0.006234110279328888	0.006362031987701085	0.008158008513937496
OsCN[3]	3.3339755844963295e-10	0.007866905382834376	0.004720127075561322	0.008462338134413584	0.0021407997647838782	5.065925040980801e-05	0.0025664679248332332	2.4644034938319236e-05	0.01331544276094064	0.004641654138540616	0.0017864567859214732	0.010301792242898955	0.002402562494371523	0.0008595403977960813	0.0016755541013816356	0.0012525394050680915
OsCN[4]	2.0232256752183986e-08	5.223518703132868e-05	0.0025898230640450494	0.003998390953347553	0.001086719212726166	0.0004166661515046144	0.0024261549707071594	8.127096407406497e-07	0.0003956651362022967	1.3946445542387664e-05	0.000675714628881221	0.0023580741426121677	0.0005091057401234877	0.0010601036723360162	0.0005411162909190192	0.0006447730923946438
OsCN[>4 & <=10]	1.2232667940814679e-08	0.0004890205978040286	0.0015912310614839952	0.011879946207627654	0.00021453390174969118	0.0	0.008026623612595358	0.0	0.004537448682185641	6.810840655816718e-05	0.0005574062143582736	0.007069437866666703	0.0005582416149469083	0.0003948272434433875	0.0003395240433746949	0.0001447189236702684
OsCN[>10]	4.178473703930763e-08	2.608742377674389e-10	1.9249622208986626e-05	0.002280984417068268	2.520018327345497e-10	0.0	0.002456486698865774	4.086210262377321e-09	2.9226675967244376e-05	0.0	5.184196788681206e-06	0.0010847020737277191	4.6221551374792114e-05	8.605387369980732e-05	1.9361366015173688e-05	4.502058444497692e-06
SS[<=2]	7.627572493618117e-08	7.861168114686734e-08	0.0	0.00017759483820555032	0.0011386135835346068	1.639731534325507e-05	2.6638511489451844e-06	0.0014151329908054322	7.468553856597282e-05	0.00255638794740662	0.00023975510053020344	0.003446010113693774	0.0003519860916588872	0.00015218471407933974	0.0002121202239743525	0.0007305301623039193
SS[>2 & <=3]	8.935284284472545e-08	0.0	0.0	0.00039412346291186424	0.00018493142864127948	1.8860833733924664e-07	0.0	0.002795689759443576	0.0001228258620868594	0.030835423367911972	0.00016123014536105983	0.01800017591440522	0.0023347675665720403	0.00020674412120570197	0.00012327780497344064	0.0005757162207746092
SS[>3 & <=4]	5.709495798589259e-08	5.186088856135029e-09	6.5295542867716e-07	0.0026689675145371437	0.00024213505064153652	1.401298464324817e-47	0.00012284998892781118	0.0014941255017686217	0.0008652099348994114	0.11902475111621243	0.0006126744063450929	0.09578642592575591	0.010923800487794323	0.0034633674447606703	0.0008802895568987879	0.0005476969140545407
SS[>4 & <=5]	1.2966999696217841e-11	0.004065520870158253	0.0	0.043826917419210076	0.0030202146767164158	7.84945848863572e-06	0.011218329745245939	0.04693149994709529	0.05189597775926814	0.02246972267792694	0.01238872089132201	0.2175012624077499	0.028256574149040717	0.017880069822805923	0.02833760887508742	0.02347324387622393
SS[>5 & <=6]	0.0	0.0025188803020864733	0.0014939266256988049	0.15664779188111425	0.09152726032305508	0.000769783256109804	0.08219695529409364	0.09900716758333146	0.042941298304409535	0.0009009546274319291	0.009743319095895864	0.025318587164802012	0.0049617680483768824	0.034449436376910184	0.01954169047754476	0.04186946203197328
SS[>6 & <=7]	0.0	0.002632734798826277	0.1955320341140032	0.06934672520970248	0.057052839024691694	0.005082826440098529	0.05015289418864995	0.030146793376188724	0.05943174662999809	0.048844591699307785	0.016915573703918198	0.002646741569042206	0.013595785156514597	0.022072059081686954	0.03165881878478103	0.026403219957595675
SS[>7 & <=8]	0.01573668046388775	0.13022449325770138	0.07768599983304739	0.006172407930115508	0.004665309433021037	0.10251494050957262	0.009938087031155025	0.0005514003916270154	0.04246478344880547	0.04181370062753558	0.023052493176655843	0.0062614210218531145	0.036073503078296765	0.015821561771894005	0.029367286516353487	0.012354392152693619
SS[>8]	0.036474128477275373	0.0018455175322703	0.0	6.39254283951729e-09	1.1063861271587428e-09	0.00844659323339755	0.0	1.942760086137696e-10	1.3929000886037102e-09	0.0	5.724663356687643e-09	8.840034557699995e-09	5.610417304069415e-09	1.2482180622441773e-10	4.770149004684754e-09	3.928217699566972e-08
NC50[<=2]	0.001289051314815879	0.0	3.58661345067901e-11	5.993498000345099e-08	1.7241293741948603e-07	8.546549246091217e-11	2.164065326382136e-09	7.731313615497726e-05	2.107403295825705e-06	0.0	2.069016124366385e-06	3.928113937976541e-06	7.832999597061629e-06	7.982184311750018e-07	2.269589912025083e-06	7.550154417046429e-06
NC50[3]	0.0005740094502107241	2.5050291535562153e-05	0.0	1.6364153289694095e-06	2.5517688040954667e-06	0.00029644720083950917	3.596768780684267e-05	9.255969442131473e-05	4.6101107727736233e-07	0.0	4.02761266741436e-06	5.565973256622669e-06	4.32289729360491e-06	1.0503643304389243e-05	1.0904841796843812e-05	4.711037011588814e-06
NC50[4]	0.0001470693753736896	0.00032405383193690796	0.0	4.387689896248048e-06	1.2844081119722795e-06	0.0009471936184998286	0.00013587012989940917	2.0944763022523462e-05	1.5987067672540433e-06	2.2110286934662328e-11	7.717241533100605e-07	1.761437166351243e-05	2.0522321392490995e-06	0.0003063790779140163	2.9649634398083436e-05	8.784309611655772e-06
NC50[5]	2.2247223913751668e-05	0.0006585399433970451	3.1242032375616844e-07	3.139740996689665e-06	1.7418038011171032e-05	0.0007918294965929818	0.0	3.9824236651497814e-07	2.66124908380151e-05	9.368601604364813e-07	1.7686755421486568e-05	5.922772780451169e-06	1.319977367661096e-05	0.0	1.2638991643250108e-05	1.3357357083521038e-07
NC50[6]	4.29133564001205e-06	0.0006227575159573462	0.00015738994007983954	2.048946731744286e-05	6.738440423013081e-06	0.0003418503225742597	0.0	0.0	9.217436638669696e-05	0.00013210462594827278	0.0004890908073362965	3.177832752654375e-06	4.927161723360385e-05	0.0	2.1625205408781767e-06	1.1453932092990726e-05
NC50[7]	8.69055778366601e-06	4.036748316867289e-05	0.00035273657988000196	3.177175861387605e-05	2.3625987296327366e-06	6.691959273283032e-05	2.787143178606399e-07	0.0	0.00016630186904755817	0.00022896060431974784	0.0003889500591037631	2.908732567448169e-06	4.977356298809354e-05	0.0	3.027418087206968e-06	1.152520242612809e-05
NC50[>7]	2.615235766825208e-05	7.741621544328225e-06	5.590159372116599e-05	2.2004322797308793e-06	0.0	8.695696992742085e-06	2.938832469405739e-06	9.338316786511314e-12	5.950246309116558e-05	8.35847813994417e-05	7.510648354215554e-05	6.66475752950646e-07	1.4505271006912679e-05	1.3038293467104723e-09	3.931384720812226e-06	1.3219500937609041e-05
BoChr[1]	7.101521829988577e-06	0.00278922629971464	0.010231227670242942	0.009723511877565838	0.01158149182002875	0.002498606871342286	0.0019130896481511605	0.004004299629085812	0.004223003103592208	0.015092727752433959	0.029504018606308354	0.025127663128992186	0.022843996690057652	0.01816834065269398	0.15400435537099838	0.009898763373425403
BoChr[2]	3.879384530653063e-05	0.00826921065163333	0.022751884544268252	0.006594622020384122	0.018132555005895234	1.197764777316479e-07	0.004808778297738172	0.0	0.0046330900106841	0.003588139317580499	0.02398466752609238	0.005249351196689531	0.004719386187630618	4.203895392974451e-47	0.0034356921166181563	0.0
BoChr[3]	9.845334543270745e-05	0.008801953294616159	0.014609008846826184	0.004785135400572784	0.02510737138483819	0.0011017800332047045	0.006434477228594915	0.00016491192322333427	0.0068578646118993445	0.003369523325236514	0.009904486180720085	0.010580993715315117	0.015837395497178476	0.0025706913126805377	0.006219999877730515	0.008629792958880672
BoChr[4]	1.564326892466994e-08	0.0011545131678066412	0.006816157301523447	0.002376805799722206	0.003324318295377202	0.001374347010083574	0.004400126583770714	0.0019854517442695397	0.006441743817413225	0.009525565284308897	0.02095573544312714	0.023920248752260845	0.004237545132637024	0.03959961736224159	0.014550451658433303	0.0008485371490635884
BoChr[5]	5.287151821864455e-07	0.003186546643564299	0.00742310550878642	0.003468746828284566	0.0021154602890601382	0.0019015603483699814	0.0025228034812430165	0.006381217979753764	0.005468104565496787	0.0017584948711487415	0.029643140368280002	0.05968376626992466	0.019611261999968974	0.005082321999652777	0.013395005938734812	0.0058879565447568895
BoChr[6]	1.5128019140291382e-05	0.0025982609837275792	0.005138734828901761	0.007875545769150704	0.008189584274548878	0.0012342690584326022	0.004318223965676591	0.0019527794840713936	0.0048970998566571925	0.007082405612415528	0.03886207783859618	0.014187712218368382	0.0007276600314708048	0.01620074208039249	0.08788407156420021	0.012061485647928976
BoChr[7]	5.77932189454744e-05	0.002027599684584267	0.004739746430393197	0.0027940459961172336	0.0097457421426336	0.0023523489112888285	0.001010267221737564	0.0005915257100568205	0.005879310137624998	0.0028658561118953684	0.020930202831750587	0.04310024951435029	0.030802901997479638	0.011194242606173521	0.050164233877944754	0.01691068009386072
BoChr[8]	6.542608607951195e-07	9.742946830501142e-05	0.005527254212475708	0.00040241148003614666	0.0005321806601291389	0.0007925290640311758	0.000178492709449114	0.0005335764320194295	0.00042269715325385734	0.0022799757227489528	0.00021185650566936333	0.0006487707736080839	0.00013581511476553842	0.4057421514391899	7.036348723232777e-08	3.6430920099661536e-05
BoChr[9]	7.052158411391396e-07	0.0009166024054519539	0.0010924996075753438	0.005983985147536259	0.00891522840771446	0.007369018621920987	0.006560458902761717	0.0005435586549720028	0.007332166513425591	0.006667359734710772	0.01564839467585216	0.001498638734160025	0.012039645129922718	4.0215635672211646e-05	0.010631058019353077	0.015108341951854527
BoChr[10]	1.9671955965552268e-05	0.0020764673382385013	0.015635997735662387	0.002431076547654811	0.0061209839967250445	0.0007906456395517197	0.005773096535704098	0.0	0.005775104361891863	0.006264734016449438	0.01563154471456073	0.000143313916050829	0.0025084999948373366	0.02228113605424369	0.004242922023404389	0.0005569109343923628
BoChr[11]	1.106083274078351e-06	0.0001387696368376723	0.0035537895729227387	0.003195327155363621	0.0022746974773882834	0.0008277699433813268	0.0012184042467591966	0.006727489216700633	0.00729332562177744	0.004425225155960121	0.005859911300226912	0.003453811482384461	0.0018363095331097412	0.006349433762124006	0.17647678198332017	0.06777824513807093
BoChr[12]	8.325011347842804e-08	0.0003771742020454383	0.004347874446812341	0.005478155934341302	4.960882918788406e-05	0.0014976506353201558	0.0029403594156852233	0.03546668548521055	0.009923825685378205	0.00027056701925260996	0.041788313070796904	0.02339719228542812	0.056664968173017624	0.0036201847310056534	0.024383789941406667	0.013795248653270278
BoChr[13]	6.735425995102462e-06	0.0012076245978096267	0.0017488428684578894	0.004135803268958398	0.003733237143610495	0.0029736825223562846	0.007071605002647629	1.025807641569898e-05	0.001534670984738682	0.006151209784438834	0.0233803287869614	0.00028576701959536876	0.003610022657775573	0.00032340194982680257	0.002956287036067806	0.0004264260477793869
BoChr[14]	0.0001865227595406438	0.0016512723173362806	0.006234587050275877	0.005995795775670558	0.007082715240209338	0.0038633675745222717	0.0010195079998365345	0.0016129141189822516	0.0025502735332202063	0.007069307721208418	0.006671657986590072	0.00022623175318585708	0.004133241593985986	0.0020117889280663803	0.003921200665645302	0.005637156146274394
BoChr[15]	3.2266273914394186e-07	0.0008621555875313902	0.004506383808693499	0.004368946467384944	0.006171693282667547	0.0023678692315685624	0.0006718688182623112	0.000639706314104842	0.0013366995315357143	0.010044912174344063	0.0042624402490611425	0.0004029753898525477	0.003273938630882185	0.0011225122478208504	0.002544491874448056	0.01030375605027075
BoChr[16]	1.098562338719411e-07	0.004404233606765047	0.004085791669785977	0.006412071161903441	0.005824543630005792	0.004379045741011396	0.00022457108629168947	0.0008034065586429871	0.006160793383023702	0.004088182978593977	0.01080195386222657	6.603176472708583e-05	0.001724404861979565	0.00041533489362336693	0.00248441658603042	0.008808915769477607
BoChr[17]	7.136028353489474e-06	0.0002577588945799614	0.00011396053374527426	0.001167688295736845	0.00106570217651079	0.0008355167651362949	8.132115961376307e-05	0.001190029390122161	8.759744958675375e-05	0.0026251141884163017	0.000502073347052292	9.385981455309888e-06	0.0003528537380078589	0.02895143316947966	0.0002502987120656641	0.25053037550712587
BoChr[18]	4.453363471768057e-08	0.0002733137834002264	0.0018544750850287529	0.002944277742308259	0.008105680903115626	0.005820187774058354	0.0029791859665514587	0.000828761786390011	0.0005608809443947393	0.005495461796725181	0.011941522732787178	0.0021443068671364073	0.012132155311992392	0.003955491930246353	0.013282652536832728	0.01140878931630141
BoChr[19]	5.8224103089976606e-08	0.0004629817724097762	0.00023885246579283148	0.0063327185530404504	0.009642987576897894	0.0037648161869304887	0.00031645782919717644	0.0018427265987063057	4.503921642353248e-05	0.0012218692449000557	0.01919473154764603	0.0020872782657450272	0.006256507905274553	0.0019169401642848527	0.02259223706426212	0.04059444171944051
BoChr[20]	2.2836535800152548e-08	0.0010515259020062117	0.0030122633315369284	0.007351346166799431	0.00761885369909578	0.0014255747203738877	0.0001693114678460108	0.003207921799756974	0.0002615425288273343	0.0012547972970060168	0.021046520338176153	3.234403906390071e-05	0.005586685771677366	0.0014520105719566345	0.009271181783060457	0.026125193044809408
BoChr[21]	6.612896420996606e-05	0.00015039178833831102	0.001936841384786021	0.0005381604149670238	0.003346155396866379	0.003482308352831751	0.0035276944768259	0.001690910021570744	0.0001858399990669568	0.002767759814450983	0.007705509712395724	0.006630180453528283	0.0036373439521412364	0.002029468936379999	0.0013432380495942199	0.0008834854290762451
BoChr[22]	0.00015240876404046589	0.0006787410895049111	0.0005812835680990247	0.003105132873552066	0.004373668156185886	0.003336433534268508	0.00165701777805225	0.00012636747549312765	0.0009573346942116045	0.001465380492991244	0.006792451978544705	8.628167503047734e-05	0.004542461478633868	0.0013643561489880085	0.004076824531730381	0.014444128190807532
BoChr[23]	0.001184423930826597	9.583192178979515e-05	0.007216011370182982	0.0017866460828008712	0.0017794412113487923	0.00020112404894462088	0.007921232008375228	0.0034709419802675255	0.0007637256206362509	0.018623658926226198	0.012285806981764694	0.016674179299152457	0.0006857148045673967	0.002062659276416525	0.00025803324300795795	0.000255500040948391
