MutationType	SBS80A	SBS80B	SBS80C	SBS80D	SBS80E	SBS80F	SBS80G	SBS80H	SBS80I	SBS80J	SBS80K
BP10MB[0]	0.7071472775936126	0.02140240694738439	0.5015046805143356	0.002264038146707226	0.34872935980558395	0.01752066516398579	0.0022572879002603894	0.021920555451652037	0.0743488745018857	0.03442978818413797	0.052942410642281175
BP10MB[1]	0.00017004550196215719	0.046838363367132846	0.08289315866306424	0.0019219666784465084	0.001070838050363818	0.007611310331267305	8.464937331154942e-05	0.0018576641790423308	0.00038882259192178035	0.003906665868020017	0.0031095266862403996
BP10MB[2]	0.0	0.042400359337916596	0.019128727404526556	0.0024407045787397546	0.0832088288620713	0.004201232591540247	0.0017155408939288463	1.5125832287594676e-05	0.044408690921991366	0.019666417574708835	0.0020120455561118433
BP10MB[3]	4.010778567042905e-09	0.024223847896791995	0.001872073381782684	0.00500206331606023	0.0008737341219385541	0.006630499276798219	9.91905527189374e-05	0.0008748370180546772	0.0018589585706649814	0.003570450835341461	0.0012276543166160536
BP10MB[4]	2.361305195819341e-10	0.01354282463900745	0.0	0.002498460960778175	0.005957165794097818	0.00417027827585116	0.004998799101449549	5.274398063193075e-06	0.010347628250019624	0.007173604465710923	0.0017946176168970854
BP10MB[5]	1.5360886925774865e-08	0.0060726821003481745	0.0	0.002798320617439458	6.278721703964152e-05	0.002232963671704056	0.0008921828487644776	0.0011568305174296256	0.0008186064925757819	0.0019453620750971368	0.0022551540620681355
BP10MB[>5]	1.936550784731317e-09	0.0003876783126686689	0.0	0.006364547434423003	0.0	0.0036791551345186236	0.01974202911835164	0.012508128727786243	0.0008493511604342529	0.006883889452518704	0.01163772093555565
BPArm[0]	0.10118808716535568	0.0011888992586864334	0.022079532458446918	0.00036584504345643865	0.014095535366795958	0.001226760494464543	0.00013690897259948542	0.0011059877730076554	0.003461058294342365	0.0021406086406801955	0.0010312134865407211
BPArm[1]	0.0014917181030614302	5.040216677684839e-05	0.018934607893461363	2.746456402746844e-06	0.00012555683497339487	1.800597543905713e-05	1.8437162169684385e-05	0.00016499246608749906	0.0	1.528509936136402e-05	3.6966250526191404e-05
BPArm[2]	0.00204683548072353	0.0	0.019477341360179708	0.0	0.01720912794320611	0.0002772488020517905	0.0	6.52029651181607e-06	0.00038220103800995275	0.00021676917213765635	5.9920124660721716e-05
BPArm[3]	3.207098148034864e-08	0.0011263092823355692	0.01051700534299016	1.087920172722079e-05	0.0014275283628376201	5.07828709778485e-05	1.8219987290168937e-06	2.2186862221005298e-05	0.0004379784312777701	0.000301153103746169	0.00015065440015859827
BPArm[4]	8.64785426601955e-09	0.0002336382805520998	0.006187174869701266	9.053868793671427e-06	0.011584025734902638	0.00047012044695035783	9.098955270019359e-06	0.00011546279199308174	0.0021889184218889567	0.0010551902299143422	7.138712525119218e-05
BPArm[5]	1.8924352354066086e-08	0.003029970924326335	0.004116847096011043	2.3912841770652447e-05	0.0015067034286099102	0.00011442335976242113	0.0	1.866320428884016e-05	0.000501573843698111	0.0003349519968633441	0.0003089196035712938
BPArm[6]	3.371026663367971e-09	0.0013712154775566887	0.0016511312686986912	9.759378756598381e-05	0.0060718288785724895	0.0005547614348836305	3.830136323813349e-05	4.234643541167316e-05	0.0031232267515336255	0.001131681320109621	0.000134584948889227
BPArm[7]	2.6104933610326953e-08	0.0033714852842967958	0.0014296196406939998	0.00015297334417680981	0.000985624734585944	0.00018969578250650266	3.5724938788916916e-06	8.319244983340468e-05	0.000643199486950307	0.0003591315062681133	0.00040704224801629607
BPArm[8]	1.4303859590114598e-08	0.0020578449513141096	0.00020866478863587723	0.0002418966269856071	0.003071572084111409	0.000913039639601152	3.9590835644958136e-05	1.7554020723764552e-06	0.002048811606655363	0.0009769756301244569	0.00012565366140515177
BPArm[9]	2.0237324700467242e-08	0.00237043075467227	0.0002549064948107116	0.0003032831700329552	0.0005222807463397316	0.00034970845677070097	2.8415520564522012e-05	2.082317499499763e-05	0.0008723549512160389	0.0005324043267260236	0.0002504443251257271
BPArm[10]	2.126967301840921e-08	0.00197272444376722	2.02848461128724e-05	7.813994418000903e-05	0.0014578776575692133	0.0005359807188501087	6.48366372994591e-05	2.4502975065843203e-06	0.001778760027664248	0.0007011344977620127	0.00021733938231818683
BPArm[>10 & <=20]	1.5439578804343767e-09	0.01103290150873363	0.0	0.0012407368941035203	0.0011447330104419962	0.0016618233044803788	0.0014514513344329315	0.00017051886725312216	0.004866801974130795	0.003118544002964294	0.0014585867359937766
BPArm[>20 & <=30]	2.8450728306594898e-08	0.001464611686533317	0.0	0.0012396165338577703	2.069943911919836e-05	0.00018433677734800647	0.0014604091802902985	0.0006058150678290986	0.0003006559873350767	0.001064706662972713	0.000893148119757825
BPArm[>30]	6.519080356426343e-08	2.3871187573210052e-05	0.0	0.0002776904532308322	0.0	4.904371379541583e-06	0.0030557284983296993	0.002517928896704689	8.031840130570344e-05	0.0004909549067478025	0.0007867976886017658
CN[0]	1.0609947954165477e-06	4.616199559194456e-05	1.6025396186947216e-07	0.0	0.017023206675469603	0.005674914634063839	1.4526842733175727e-08	1.5072896272521063e-05	0.022486187591452822	0.01803190227402297	2.1865384187549353e-05
CN[1]	0.00328014770289883	0.0009192995290545769	0.0002374383568644589	1.401298464324817e-47	0.004421352585341083	0.19721707031130792	0.0008665144433845953	0.0	0.03139077342115343	0.008570723848877719	0.0011766467324923725
CN[2]	0.03792629031842225	0.02558267742948374	0.0026507231924915685	3.86726250872016e-05	0.11867865204811096	0.185144572108984	0.04538472625776194	0.0023246162105351686	0.032240189845530995	0.0957778965169564	0.012473922918633291
CN[3]	2.3750671324163087e-05	0.09472104206681252	0.0395742001128383	0.0006929286092054098	0.004864129516063258	0.0	0.09140961352735757	0.0009547510420863282	0.028982156330603175	0.044577618851326405	0.06908238910895306
CN[4]	1.763245835451066e-10	0.012265326291109773	0.007888688570468504	0.13040562339127063	0.0025227961828932165	0.0	0.02081083191374091	0.0031676677031137316	0.023883062682289166	0.0473041856677537	0.03650020947563462
CN[>4 & <=8]	3.2109102410249333e-09	1.927958339477398e-07	0.0	0.1743125207722187	0.0005660868715830248	0.0	0.001761551898287168	0.0683842522278428	0.03683100784510174	0.00564059287035434	0.008318586462288734
CN[>8]	1.2866762537200315e-07	2.237143243988271e-09	4.0646874861494095e-08	0.00012659444678938313	6.54901602203939e-08	5.348958444114398e-10	1.2887978755962363e-07	0.15030142709612845	1.3438611501737085e-05	3.986067243499036e-05	0.00026859834068373447
CNCP[0]	0.04358001943677664	6.317334566574573e-09	0.0	5.0516235639008754e-11	9.825144714355361e-05	0.0	0.0	0.0	0.0003590673186722526	9.43678697501582e-05	0.0
CNCP[1]	0.0	0.1725297922641039	0.04329009271226823	0.005359081821881091	0.03674526476175654	0.24747742369771003	0.27092587798833845	8.504835423082113e-06	0.019614255665801467	0.06917154517029578	0.11630842512706295
CNCP[2]	1.7349195247096105e-09	0.0013870028995188477	0.0014929824936394099	0.13031073173508048	0.04871134712441687	0.00282364047010368	0.0036975741623351656	0.009471651437343099	0.05165817114748705	0.12983190438575604	0.03877345813588917
CNCP[3]	8.646152265257e-09	0.00358409885913602	7.288957135642704e-09	0.03041188315022737	0.003046264850652278	1.0633984821595277e-08	1.1320846388116479e-05	0.030746416626498102	0.0594057173631154	0.0041804930817924205	0.003971004993969025
CNCP[4]	9.091254233817292e-08	5.482500704545146e-05	6.665766324687184e-08	0.011293840983707924	0.001346326565611946	0.0	0.0	0.03281720094382763	0.027669306764146313	0.0007885087905248156	0.0018116189821978297
CNCP[>4 & <=8]	9.0105198984336e-08	1.3815282932760907e-07	3.207711261055124e-09	0.00024793358263844214	0.0013667777198422377	0.0	0.0	0.0814188138395548	0.029265131063777972	0.00022601189996411807	0.0014519648589867984
CNCP[>8]	1.8654022824193816e-07	0.0	7.360389587930675e-08	0.0	2.242291016507636e-07	1.1645515703762043e-07	4.261239627822988e-09	0.06756664283573627	1.9538667919150044e-07	1.9362551091361978e-08	4.742572173199733e-08
OsCN[0]	0.046113572143949566	0.048768110815435646	0.001969033624313155	0.0791783830150962	4.738562565762549e-06	0.008299425473087468	0.002762104163909641	0.1692544449865818	0.0026296608610353977	0.04069034908199683	0.06629960509948432
OsCN[1]	0.0004562528675887734	0.029693302349187434	0.012452208539616549	0.030306175425648688	0.052626272635534405	0.0011159455177377354	0.0179649021406658	0.026601225975900887	0.0830038586538285	0.029167920793406667	0.016530848976690323
OsCN[2]	8.998826483974654e-10	0.010061467690393329	0.0041624730895273385	0.007240860258170869	7.419583824230358e-05	0.003753318207819234	0.006557079621125013	0.0043672936991788446	0.00040174437599489466	0.0053106392631345044	0.007699509479571134
OsCN[3]	0.0	0.00380132738071552	0.0003797974702320062	0.0030181528098182754	0.008433921002876942	0.0053809948801063	0.009168162266723812	4.911899392027408e-05	0.006274574789858889	0.006770720584754599	0.0029971168857082374
OsCN[4]	2.6054033330780157e-08	0.0023082048835931348	0.00028252459343548254	0.0010324421270456697	1.4992003663962805e-05	0.002689402848482132	0.0032066889182897286	0.0	9.971044722988154e-05	0.0014153892623153296	0.0016617668655817396
OsCN[>4 & <=10]	1.4709136220147911e-08	0.0015767579746898263	0.0	0.0003064865097237934	0.0007826866506388023	0.008559055291116238	0.010097910119220614	0.0	0.0005318248520927682	0.0038103404980194	0.0020719945539531184
OsCN[>10]	5.074809878991005e-08	3.238923558195772e-05	6.272874197854606e-10	1.4296186190421167e-09	2.16402935571125e-10	0.0022529151453636585	0.0018891107274248498	1.0418175477866498e-09	4.231129890897023e-09	0.0003407655790580799	0.00022798235043650195
SS[<=2]	8.128074876267987e-08	0.0	3.177080558835366e-05	0.0007943148801859934	6.936535164452806e-05	4.266765600924316e-06	0.0019892495837484604	0.0016674295294797049	0.0022394500947848428	0.00015468253296841382	0.0006061052135191857
SS[>2 & <=3]	8.084255738616264e-08	0.0	9.333533853350672e-08	0.0001429041718070323	0.0012327456939965487	8.203684025431812e-09	0.007596977334178519	0.005110569584649056	0.02534816638333723	0.00040644358220362167	0.000609670128951052
SS[>3 & <=4]	1.8071113133677486e-08	0.0	1.0316945342481177e-09	2.1159548746183532e-05	0.005208535746740353	0.00034725707526686025	0.04621868028305471	0.00876581498724013	0.10189757009587425	0.0030303092833310077	0.0014828396139648704
SS[>4 & <=5]	0.0	7.280867546796799e-05	5.0024789525195954e-05	0.0011800692812539636	0.013891673772013747	0.021277330824541422	0.1474562268704176	0.054961392749100925	0.03179443942875817	0.03184681978630579	0.025527667082376162
SS[>5 & <=6]	1.5925907259628503e-11	0.003579205513418353	0.0	0.07406994671793654	0.0004317891198388679	0.08637238431721926	0.08858133826241113	0.08154905702918767	0.002683122791349888	0.06478607086151442	0.10086378386244178
SS[>6 & <=7]	0.0	0.1736823420226574	0.000780290938601369	0.06620094804093242	0.009622707224149032	0.07170430595055223	0.004050171432318166	0.027964590219780802	0.029207555850573542	0.05235654999851249	0.035612536133266995
SS[>7 & <=8]	0.016422603242099286	0.06523655043449253	0.11070888061076403	0.007467257777302134	0.10982801724225283	0.014730376024963333	0.0041573397607074245	0.0016801980596083525	0.044043762143701315	0.026674728965511284	0.009305230525209441
SS[>8]	0.03565698597580194	0.0	0.005268909623742815	2.0284239621304322e-10	0.0005921299148856818	0.0	1.971090997088254e-09	4.916572038382583e-10	2.82992225209e-10	2.9196270290299256e-10	1.944193631420177e-08
NC50[<=2]	0.0012248416687361896	0.0	4.3143666417222446e-11	0.0	0.0	3.427333909317154e-09	7.499860160598004e-07	6.327587857171579e-05	7.419544129305677e-08	7.098261827542806e-08	1.8286287867574914e-06
NC50[3]	0.0005936751642730087	0.0	0.000126941911490972	1.1417450180317701e-06	1.2328675074968486e-06	3.6496855031624696e-05	7.369053433929906e-06	9.39735591376234e-05	2.4009971093619244e-06	1.689316984538891e-06	1.6479501859203438e-05
NC50[4]	0.00017797180138586554	0.0	0.0007321130832497147	9.506686155980049e-07	0.00019525232540900105	0.00010841416808521131	6.388842193700839e-06	2.6322848167192025e-05	1.4702932094223797e-06	5.4199787919060326e-05	9.09204197958502e-05
NC50[5]	2.4931315863767622e-05	1.5675475917298344e-10	0.0007724106922978536	8.213374261206718e-06	0.00043892242427318707	1.4605280540536114e-10	8.472330038100662e-06	2.6569679346444274e-07	6.7707620911386375e-06	9.901717451197279e-06	9.127107504536269e-07
NC50[6]	3.557830005060936e-06	0.000197942307171729	0.0004949884332017973	2.048253892918295e-05	0.0004676091694273055	1.744533406622395e-10	1.2544038030526394e-11	0.0	0.00018956388954769921	6.532864758331592e-05	5.820872731991944e-06
NC50[7]	1.0170104881979115e-05	0.00037689524646339123	0.00012028379590148575	7.503047504542337e-06	7.850321346326794e-05	2.570170576365882e-09	1.4292842024588027e-06	0.0	0.0002262787425621582	9.771150211690838e-05	9.828613001445773e-06
NC50[>7]	2.954639750896604e-05	7.086863547641543e-05	1.2825771707412059e-05	7.815412789669018e-07	1.0659725448407542e-05	1.9195009537575913e-06	2.825467304568008e-11	9.458748229107528e-12	8.395388808150272e-05	2.0451413702538557e-05	4.591484412230784e-06
BoChr[1]	8.74228953345657e-06	0.01604890462765083	0.00534621663130282	0.01704158534121234	0.005892558452500794	0.0026123190673843057	0.025096206419540294	0.010209725369350053	0.0270864721480757	0.018380211466778748	0.009468937921192265
BoChr[2]	6.700592439498109e-05	0.02143487857654691	0.00023310938442591578	0.02146509018028155	0.007743680677667726	0.0041757361285343795	0.005834536501788534	0.0	0.004648044444329571	0.005577004331862554	0.0004815818346358848
BoChr[3]	0.00011829978022223742	0.007739101230384895	0.000961801672305711	0.028767114800866692	0.0036675240966724232	0.01242667123558931	0.006695073611626867	1.8723220273386686e-05	0.006688431683724048	0.007337178637390025	0.000799042674480006
BoChr[4]	9.284340865001184e-09	0.009020596212358213	0.0031761308495924824	0.007311101293889805	0.0016703978236600392	0.00412758522707044	0.016435245302677686	0.002791616056128987	0.010027857531094924	0.019548472492315342	0.0044154920382425186
BoChr[5]	3.470530691007667e-06	0.007051859873604372	0.0052132931091182395	0.003916181939895272	0.0013479660899430711	0.002144685157704771	0.03741176407958847	0.009669954895798583	0.006323647201934363	0.010007666202145628	0.0013301525451242923
BoChr[6]	3.237753629498741e-05	0.010665414725081064	0.0011629866201838012	0.01979984125238843	0.004769002300745342	0.008340612348145706	0.0013520797115065544	0.004348422167353868	0.006539712726371363	0.018046354733523912	0.008361839998979121
BoChr[7]	0.000147169642608711	0.007907000991981477	0.005608900372171774	0.011595238637854964	0.0024964278035213283	0.0007682403986109421	0.03272882197285071	0.0014575910747332444	0.008213954193029166	0.010799048444059735	0.004000120995915495
BoChr[8]	7.9090006043947e-07	0.017318484277242828	0.00222927877053552	0.006072817865319848	0.0012432915047260456	0.0036243851404572603	0.004596283286404806	0.007594996658027913	0.0043398936029983145	0.05324409390213759	0.0820636292418962
BoChr[9]	6.958993708154892e-06	0.000870813424814969	0.007373459527734667	0.012329892369452864	0.0010586272916407325	0.007851814305753919	0.003104920381719296	0.00033727506244781965	0.008552476634795312	0.004356655503361253	0.009534717552596703
BoChr[10]	2.5611394038005386e-05	0.014862738011870533	0.0010090052581608689	0.010789079003734514	0.0028765774805287947	0.006433059399714693	0.00011458962166216224	0.0	0.005018291394881089	0.008543974149506538	0.002741960638522869
BoChr[11]	2.778796980740239e-06	0.007040119350422174	0.0019081954599302264	0.004082883805126606	0.005576938357733922	0.0013115476168617502	0.005856145928629708	0.019220271594967926	0.006671345880043304	0.013754118538344927	0.05014237124257562
BoChr[12]	4.611159321168956e-08	0.006739939035037423	0.004352763699134812	0.00018528562446590513	0.002826367115593484	0.0015571607308440605	0.016027891036937945	0.04534504226054082	0.001331694679080897	0.018789539808431073	0.002843830457675267
BoChr[13]	2.297444755587463e-05	0.0039440754751376515	0.003869663710687572	0.006435572693007998	0.002046607367228717	0.0049934826159733344	0.0012273527339857538	4.5017805059615055e-05	0.0056853706970287025	0.0033263082861211624	0.0019242425131960773
BoChr[14]	0.00035428877614322117	0.007576116273849038	0.00266813686950627	0.007709940179483965	0.0026028808384944567	0.0017518719874351518	0.0004482828534673934	0.0023348150200672535	0.002881196997186635	0.0029589242068323073	0.0037058312556473537
BoChr[15]	2.569408358565894e-07	0.005112374101299793	0.0023893866153230194	0.0061585851199924945	0.0008078242193550977	0.001277378311600046	0.0006705409110071514	0.0010233638209466653	0.007251165289781056	0.002123502125226837	0.0049689565906737695
BoChr[16]	9.64859125134332e-07	0.005758419110206887	0.0052408453612588345	0.0054933910923136865	0.00530242188833654	0.00020144722802797332	0.0016178098153510235	0.0011495803352956696	0.0033733679860597477	0.004600137450615875	0.007852726032142527
BoChr[17]	3.790077620320798e-05	0.0006324576191584441	0.004174070154359128	0.0006229785249342435	0.0011062015042463712	0.0003750980360732692	0.00100395733573464	0.0062232468173649535	0.0075533952234455625	0.006589497828381923	0.10789507517894663
BoChr[18]	1.1896337757888454e-06	0.0010108191801350586	0.004448710671839535	0.01337311148934532	6.633973825955763e-05	0.006018876590533182	0.0010335251846481696	0.001458394052690899	0.003299641511457594	0.0017008002961665626	0.0027414474077522757
BoChr[19]	2.603752888075128e-08	0.0002883668253940394	0.005529991761456472	0.012722120609832927	0.0010375206760302902	3.928425391904966e-05	0.004789928566737155	0.003176670776681476	0.003708357043286412	0.0019849378099223713	0.020909318039921344
BoChr[20]	1.734247525864152e-08	0.005085261355852708	0.0031307574017216664	0.007631580221932381	0.0020298644090938466	3.109768237606742e-05	0.0015243713085393473	0.004599450623788926	0.002001217446307919	0.002794921593247981	0.019599950319732214
BoChr[21]	0.00013095258265522603	0.0010389394769299543	0.0030444232485024258	0.005742226227885112	0.00013888312860217412	0.003839097949094139	0.0019852500665729165	0.001982212229486322	0.0028795366949634625	0.001077647334932408	0.0009952392873560435
BoChr[22]	0.00023350740542809944	0.00038762468124332373	0.003047158975969069	0.005535968006588518	0.0004426983109444362	0.0023347633222147125	0.0006978635276755085	0.00018562254146672785	0.001955483952486109	0.0013980355147813334	0.009711092892539455
BoChr[23]	0.0012344285799190402	0.0077544912789016965	0.0001259140991169261	0.003686003085458651	0.0007269094363437034	0.006194534457754344	0.007060817932651844	0.004279070477350615	0.015798031995072962	0.0017986037505761487	0.000814867503604546
