MutationType	SBS80A	SBS80B	SBS80C	SBS80D
BP10MB[0]	1.65E-04	1.13E-03	7.43E-04	2.37E-03
BP10MB[1]	2.17E-05	1.77E-04	2.93E-04	5.27E-04
BP10MB[2]	1.74E-05	9.99E-05	1.75E-04	5.95E-04
BP10MB[3]	7.24E-10	1.27E-04	5.31E-05	3.70E-05
BP10MB[4]	3.69E-10	6.18E-05	2.68E-05	2.21E-05
BP10MB[5]	4.00E-10	5.40E-05	1.39E-05	4.03E-05
BP10MB[>5]	8.38E-11	7.16E-05	6.99E-05	7.82E-05
BPArm[0]	4.70E-05	3.30E-05	3.07E-05	8.32E-05
BPArm[1]	1.39E-05	7.84E-06	2.36E-05	5.60E-05
BPArm[2]	1.77E-05	8.41E-06	3.23E-05	9.73E-05
BPArm[3]	6.16E-06	6.32E-06	3.82E-05	7.59E-05
BPArm[4]	7.23E-06	1.39E-05	3.18E-05	6.94E-05
BPArm[5]	1.95E-06	6.78E-06	2.63E-05	5.04E-05
BPArm[6]	9.13E-10	1.33E-05	1.59E-05	4.71E-05
BPArm[7]	1.71E-09	8.04E-06	1.88E-05	3.37E-05
BPArm[8]	3.61E-10	8.13E-06	9.76E-06	2.67E-05
BPArm[9]	2.80E-10	7.00E-06	1.12E-05	1.91E-05
BPArm[10]	1.89E-10	7.22E-06	8.35E-06	2.01E-05
BPArm[>10 & <=20]	2.18E-10	3.41E-05	1.83E-05	1.93E-05
BPArm[>20 & <=30]	1.55E-10	2.68E-05	1.80E-05	8.81E-06
BPArm[>30]	1.14E-10	6.48E-06	1.85E-05	2.23E-06
CN[0]	2.73E-06	1.07E-04	4.47E-05	1.68E-04
CN[1]	5.73E-05	4.56E-05	1.97E-03	1.41E-03
CN[2]	9.66E-05	5.15E-05	2.36E-03	1.33E-03
CN[3]	1.31E-05	1.10E-03	2.49E-04	3.33E-04
CN[4]	7.87E-10	1.12E-03	1.68E-03	4.84E-04
CN[>4 & <=8]	2.14E-09	1.81E-04	1.59E-03	2.58E-04
CN[>8]	4.62E-10	1.18E-03	2.43E-09	0.00E+00
CNCP[0]	3.49E-05	1.72E-09	4.25E-10	5.61E-06
CNCP[1]	3.10E-05	2.21E-03	3.42E-03	3.40E-03
CNCP[2]	0.00E+00	1.15E-04	1.57E-03	1.26E-03
CNCP[3]	1.02E-09	7.94E-04	2.69E-04	3.94E-04
CNCP[4]	1.49E-09	5.87E-04	7.53E-05	1.61E-04
CNCP[>4 & <=8]	4.67E-09	9.51E-04	0.00E+00	1.22E-04
CNCP[>8]	1.91E-09	5.27E-04	5.11E-10	9.44E-10
OsCN[0]	3.22E-05	6.90E-04	9.19E-04	3.01E-05
OsCN[1]	1.76E-05	5.46E-04	3.36E-04	6.19E-04
OsCN[2]	1.34E-09	1.11E-04	4.71E-05	5.61E-05
OsCN[3]	2.87E-10	3.65E-05	5.19E-05	2.40E-05
OsCN[4]	7.25E-10	4.09E-05	2.90E-05	4.21E-05
OsCN[>4 & <=10]	3.18E-10	5.06E-05	1.33E-04	1.19E-04
OsCN[>10]	1.19E-09	2.35E-06	4.28E-05	3.11E-05
SS[<=2]	9.76E-10	2.66E-05	1.13E-05	7.68E-06
SS[>2 & <=3]	2.59E-09	2.37E-04	1.24E-05	9.29E-05
SS[>3 & <=4]	0.00E+00	6.73E-04	5.16E-05	2.48E-04
SS[>4 & <=5]	0.00E+00	4.43E-04	4.53E-04	5.26E-04
SS[>5 & <=6]	9.53E-06	6.67E-04	3.37E-04	1.06E-03
SS[>6 & <=7]	0.00E+00	9.31E-04	2.73E-04	2.38E-04
SS[>7 & <=8]	3.06E-05	1.39E-04	2.83E-04	9.99E-04
SS[>8]	3.19E-05	3.54E-10	2.78E-10	2.86E-10
NC50[<=2]	3.39E-06	3.71E-07	1.58E-10	1.56E-11
NC50[3]	2.31E-06	9.32E-07	4.64E-10	1.54E-10
NC50[4]	2.69E-06	1.58E-06	3.53E-06	3.50E-06
NC50[5]	2.37E-06	4.25E-07	2.54E-06	6.93E-06
NC50[6]	1.23E-06	6.98E-07	4.64E-06	9.89E-06
NC50[7]	5.59E-07	1.02E-06	2.50E-06	4.75E-06
NC50[>7]	5.09E-07	3.94E-07	5.85E-07	1.52E-06
BoChr[1]	4.39E-06	6.20E-05	1.74E-04	4.10E-05
BoChr[2]	2.94E-06	3.10E-04	1.95E-04	3.22E-05
BoChr[3]	4.07E-06	2.15E-04	1.51E-04	3.35E-05
BoChr[4]	2.63E-09	3.43E-05	5.51E-05	2.83E-05
BoChr[5]	4.18E-06	2.69E-05	3.19E-05	8.14E-05
BoChr[6]	3.62E-06	1.86E-04	1.71E-04	3.59E-05
BoChr[7]	5.41E-06	1.41E-04	1.55E-04	2.88E-05
BoChr[8]	4.00E-06	2.78E-05	1.21E-04	5.40E-05
BoChr[9]	4.85E-06	5.85E-05	5.73E-05	3.00E-05
BoChr[10]	3.05E-06	1.24E-04	1.03E-04	5.81E-05
BoChr[11]	3.38E-06	1.82E-04	4.60E-05	3.36E-05
BoChr[12]	3.87E-06	2.82E-04	3.29E-05	9.49E-05
BoChr[13]	3.88E-06	8.29E-05	4.64E-05	3.19E-05
BoChr[14]	3.61E-06	6.76E-05	7.64E-05	2.91E-05
BoChr[15]	1.83E-06	2.90E-05	6.64E-05	3.95E-05
BoChr[16]	4.03E-06	5.64E-05	6.78E-05	5.12E-05
BoChr[17]	5.11E-06	2.11E-04	2.49E-05	4.41E-05
BoChr[18]	4.26E-06	1.06E-04	7.88E-05	2.75E-05
BoChr[19]	3.55E-06	1.57E-04	1.55E-04	3.01E-05
BoChr[20]	2.32E-06	9.04E-05	1.13E-04	1.78E-05
BoChr[21]	3.48E-06	2.22E-05	1.92E-05	1.83E-05
BoChr[22]	3.74E-06	5.70E-05	4.20E-05	1.63E-05
BoChr[23]	4.19E-06	7.20E-05	3.21E-05	2.00E-05
