MutationType	SBS80A	SBS80B	SBS80C	SBS80D	SBS80E	SBS80F	SBS80G	SBS80H	SBS80I	SBS80J	SBS80K	SBS80L	SBS80M	SBS80N	SBS80O	SBS80P	SBS80Q	SBS80R	SBS80S	SBS80T
BP10MB[0]	0.7300365626811981	0.4762227699160576	0.04779363897512932	0.0004498026594801069	0.6169708913564682	0.0008023194060882577	0.017235063251553502	0.029013987509533764	0.0624190294847358	0.041895181172295876	0.02446857831722212	0.006586363648774455	0.050017053700628845	0.025127441360885114	0.07858817751170818	0.007965439812995917	0.013771283725105084	0.08235870664013291	0.057721847675657224	0.0231859348004543
BP10MB[1]	1.1787064124746393e-09	0.004586113327341156	0.06003576626535505	0.0003261902212910426	0.08142932577058673	0.002927872572654451	0.0038154657099391896	0.0012034797319880664	0.0028320052189519627	0.0026354562912456457	0.002587992652355524	0.00347127937420737	0.008703390672600335	0.010089717877983413	0.011060870170367706	0.0021943461176128537	0.0014461615491472913	0.001609206064974971	0.00719498108257544	0.005361597711151376
BP10MB[2]	0.0	0.1011511399578012	0.050700943432748315	0.006335185799071041	0.0011216488067103114	0.0010774955252418296	0.00085469586403633	0.0	0.05482675047591329	0.03766000499948859	0.013348478013423431	0.0011373673476192054	0.010279690093926076	0.013930752537400792	0.001966723498171632	0.00896748494842675	0.0026252518361941156	0.0007252645589323947	0.0031161692633759255	0.006397240445803756
BP10MB[3]	2.2542220579069292e-09	0.0006535462389332025	0.03182447068393231	0.002661552704521455	0.0008586190300411545	0.003701068247828516	0.002325854704023271	0.0005393789967274642	0.004967543104139622	0.004478146689070855	0.0009171339046038219	0.0004276686400407925	0.0019902566614294535	0.004890761826316563	0.00487042445324457	0.002006369821014705	0.000620938745348667	0.0004529106734321875	0.001940510459869653	0.004253318775728872
BP10MB[4]	3.085434725491609e-09	0.0027563052706955204	0.015859065386466684	0.012178640319907572	0.0	0.0012480495843059294	0.000976211173932029	0.0	0.014882333325222135	0.014833062435500324	0.00122093020602847	0.0027880349740735254	0.00247444507839468	0.0071328174777967	0.00015675394108257022	0.0014183019891657977	0.0012723064848350419	4.203895392974451e-47	0.0004557321298716488	0.0019751704859457676
BP10MB[5]	2.1664121270248416e-08	0.0	0.007058882552664727	0.004716219216643367	0.0	0.002811309189415283	0.0007072120981289247	0.0012347578514891211	0.0025379879414686004	0.0011822948872350024	4.7758984910615256e-05	0.00011819174641918104	0.000542343472937894	0.0017708009393452783	0.0012919757775716788	0.0003389579464419512	6.475509262713785e-05	0.0017466816290772158	0.0009633398136060123	0.0008902328511301505
BP10MB[>5]	2.1887173972112706e-08	0.0	0.0002248805685667321	0.024531350135803223	0.0	0.01161578448722139	0.0016318524663890344	0.014740614132024347	0.0011230524235624649	0.002319057376626006	3.724563866853714e-05	0.013513788941691019	0.0003242614974012525	0.0011203352489062368	0.0004854036029428244	0.00018500066013075412	0.0012172223637389834	0.0016831659630088325	0.0005673275855323823	0.00017812844136699368
BPArm[0]	0.10611019432544708	0.019286309462040664	0.002027103081036331	0.0002286230299205272	0.03544483757577836	4.684068108278351e-05	0.0016927964511082318	0.0011509197016857798	0.0031330483057354286	0.003143748036818579	0.001275048024201399	0.0001559026361503657	0.002257840363536002	0.0024995895629484725	0.0010641617911824142	0.0007129156990963725	0.0020655581088400154	0.0044807549068390466	0.0010921659648201398	0.0011504224921312053
BPArm[1]	0.0005526066367409043	0.0004043924826419243	0.00013442908660589835	1.5668407993274513e-09	0.026654782674741	4.0208793294915776e-09	1.2915985216821468e-06	1.8360089727304275e-05	0.0	1.3674404364394377e-09	6.989553799996884e-05	0.00010317252840557068	0.0002875424126902715	0.0006195867420510126	0.0009684659030389042	2.603007622791864e-05	3.5795797970195055e-08	0.0	0.000677140009848003	0.00044187292966967105
BPArm[2]	0.0012084198188141216	0.025454384526237845	0.0	3.827195449446208e-11	0.023561474891612307	2.688522298899265e-06	0.00016735721479591354	2.700860480796763e-05	3.0625162180513145e-05	0.00010519208534629065	1.6770280067919252e-05	4.028521361760795e-06	0.0004941739486866936	5.179558264671869e-06	6.743712361597432e-05	1.0017591994255782e-05	9.90794089673841e-06	9.76164349662273e-05	5.2219142359568594e-05	2.0948113160557114e-07
BPArm[3]	2.1752357960286295e-08	0.0021777688098353564	0.0020134713323816554	3.321859292100271e-06	0.010349121728236241	0.0	2.3680632142699663e-05	1.0064335595285079e-05	0.0003129377312870929	0.0004512882598374901	0.00018809060547440027	0.00028209510775923264	0.0008415303398420093	0.000833910625660792	0.0011649743946274783	0.00018034947450720662	2.552868536820796e-05	0.00014109284459891568	0.000752612846771541	0.0003992358149271524
BPArm[4]	8.769605024384004e-09	0.016619813460856676	0.0007885026996655143	0.0	0.003199956496246159	0.0	6.811699235450774e-05	0.00033226819807012474	0.0018315936572085966	0.0018042917103321089	0.00015882022484980495	6.650321651250124e-05	0.0009103035906939283	0.000278233790717195	0.0003905060668328381	6.464797756052577e-05	0.00016216772248071721	0.0001818902709055692	0.00019945232512327493	0.00014709021404996748
BPArm[5]	3.336474386217425e-08	0.002271437472500111	0.003908434016578024	0.0	0.0026151084048615303	4.554826591629535e-07	7.202125459883746e-05	3.872992711691836e-05	0.0004565746684904172	0.0007379240528030095	0.00032051205422149563	0.0002162381447851658	0.000724914891558015	0.0005725112849177094	0.0010790499031993405	0.00014083185513300123	1.8957343709189445e-05	0.0002251876778957751	0.0011448021007527131	0.0005397871528163023
BPArm[6]	3.2719131918277148e-09	0.007740026391111314	0.001877893176060752	2.8838924372394103e-05	0.0001570587602148521	4.729721447802149e-05	0.00026706205279273696	7.276730247212981e-05	0.0034357977847685106	0.002411539397144225	0.0003496622543434586	0.00017667978796907845	0.0006735815463979987	0.0003516309304552596	0.0013089885218651176	0.00015677213832532367	0.00027246432426181855	0.00015355308115317713	0.00044692912710843303	0.00034255593811394647
BPArm[7]	2.8713595052742847e-08	0.0011905762687092647	0.0040364452832727694	1.4733132629771717e-05	0.0006588346623357211	0.00010400441601632338	3.090598329436034e-05	2.320219701025472e-05	0.0008144949225243181	0.0003637550605800044	0.0001773527998375357	0.00014530465082655654	0.00046978897915195717	0.001085400745560321	0.0018205912668709345	0.00024038275725295932	0.00011766329669626429	6.629561656154692e-05	0.0005504790716551611	0.0015240940003241122
BPArm[8]	1.2195296975499315e-08	0.00349076516344212	0.002759692128165625	0.00011442925022265626	6.413283990696073e-06	8.277523002107046e-05	0.0003023274554402589	1.6182788866103693e-06	0.0024570396688068288	0.0019218550876761668	0.000152495061597329	0.000126871352777016	0.0003990550458296127	0.0004024812956362217	0.0005315906302030271	7.71148137482669e-05	0.00038798639143779206	0.0005391513508532962	0.000213237734235463	0.0002030884582541148
BPArm[9]	1.5846410512665444e-08	0.0003288713837639534	0.0029338096489664165	0.0001087087219129046	5.99945115391165e-05	8.3122145915695e-05	5.571120547543273e-05	1.253710361197591e-06	0.0012456684135759147	0.0008293377584413974	0.0003969314234109334	0.0001000095333647022	0.00030018865610447447	0.000835606961647386	0.001571441820531163	0.0004494006785590443	0.00029228087285562503	9.335094384141485e-05	0.000319405462796567	0.0004841811604618673
BPArm[10]	1.9388998157565673e-08	0.0012571618496440352	0.0023652811045758427	0.0004302591724017191	1.8028560589300468e-07	7.3485873190293206e-06	0.00020388574360595608	0.0	0.0025640995177673175	0.0013768720271855272	0.0002440881302216269	0.0001304703343549729	0.0003027702192816484	0.0004736200678780733	0.0001204477894862066	8.251706109149381e-05	0.0001204475999413468	6.176910384510848e-05	0.0002829466339358078	0.0004561950552749749
BPArm[>10 & <=20]	1.4591212458281433e-08	1.8332410836592316e-05	0.012627420378848911	0.004362110949878115	0.0	0.0010340873582754284	0.00037727086553218214	4.5901433577455467e-05	0.00798366242321208	0.004876265588682145	0.000354300739674045	0.0016977539692061326	0.0009896329360884692	0.0028299777837775624	0.0003921138568466631	0.000511691390265696	0.00030369142486969084	0.00035040591358860616	0.0005035908258719265	0.0023627155877605334
BPArm[>20 & <=30]	4.26317769708362e-08	0.0	0.0012311518605565652	0.0030152886410360225	0.0	0.0018253852354246192	2.806623213716497e-05	0.0006298996434998117	0.0008138045244777459	0.00041624812967846483	6.74092954147909e-05	0.0003081102121166168	0.00018433888219476557	0.0007301928403509805	0.00011187040447794061	6.978573743253947e-05	7.813767775388669e-05	2.3168546518661516e-05	0.00019823761304678554	0.0005590040210404367
BPArm[>30]	6.890694534078534e-08	0.0	8.058598614297808e-06	0.0030527318781241775	0.0	0.0012942376986026715	3.3755049229222677e-06	0.002765764461364597	0.0	1.0495412097242251e-05	0.0	0.0011765446105406951	2.435678739516334e-06	8.547402898159362e-05	1.751501695252955e-05	0.0	0.00013070890912786126	2.9209118611106534e-06	5.106820097694253e-05	3.7338817571708204e-06
CN[0]	3.7935047556869604e-06	0.001267510557177829	4.082045634845599e-09	8.567963760697239e-10	4.865004319398736e-08	1.401298464324817e-47	0.0027992354127564954	1.8509308539194082e-08	0.0089225832292329	0.09112050621313159	7.776365009704023e-09	8.685102670966803e-06	0.006398007375092476	3.6343402385341505e-08	0.002834483098971623	0.0019742037030492554	0.006451367838101163	3.7157960264266875e-09	2.7704764065106248e-08	9.889191154854871e-09
CN[1]	0.0009993047013143296	8.392382815523508e-05	0.0005763006090923816	0.0003843011313397371	3.845097776704165e-05	0.0	0.3567283983528614	0.0	0.023841357900586217	0.020041725726729832	1.2611686178923353e-46	0.003081607247282321	0.0072037758927211825	0.0004165807552656986	0.001682161520975285	0.0026822437744050374	0.0018960535681361535	0.0005227236752947322	8.71503830921938e-06	0.003090558821412941
CN[2]	0.013822480932661349	0.03151883417242389	0.007726515397778569	0.059021780359034895	0.0002385367220271642	0.0003045453800685994	0.2206245228741318	0.0013098590480976927	0.006095216000604182	0.0628414331321397	0.0006072773624272855	0.01161550280277553	0.6210535038867966	0.0028034240624909344	0.0015638239510831341	0.007242564759234962	0.006040089136618819	2.726302765713744e-05	0.0011297066645136057	0.0005952144968586916
CN[3]	3.560415393399907e-08	0.0008781448006629944	0.036309796213730074	0.11213073123362846	0.017005986289586873	5.052939988672733e-05	0.0	0.0013833045470528305	0.02991058227534225	0.0005255042761564255	0.20952151390509016	0.009340064040152356	0.011607917870961658	0.023772637714428127	0.07381590968088403	0.07396309013012797	0.0750405078517315	0.07449194535984471	0.05026501916829147	0.042334925644649496
CN[4]	1.6426765603316795e-09	0.0	0.0014859371083716156	0.0027911158078268274	0.00020346189276722272	0.11042221011593938	0.0	0.0025247887576199447	0.0074238416303787245	0.0175472166823449	0.26228098176419734	0.0015025391270897615	0.0016194541412634321	0.016169363697911443	0.02291482957738026	0.014430296084500593	0.02867406847305233	0.02797794479287259	0.05369229177551176	0.02981987696574069
CN[>4 & <=8]	2.772578916454549e-08	0.0	0.0002648465094897159	2.987742220739165e-08	1.1540251207975416e-08	0.23834833718836307	0.0	0.05361182290322063	0.06805356840603054	1.4917657608748414e-07	0.019087232479763544	0.0008584072009220205	2.8625858618624987e-07	0.01228339632546806	4.4741155761585107e-07	0.004128238067171424	0.0035521693480396245	1.2800050060945977e-06	0.00031247336054053565	0.0022710040196774967
CN[>8]	1.2747710359084508e-07	1.1421307051229235e-08	2.3559346107315803e-09	1.337138392898396e-07	3.4604910581492732e-09	0.0020799323879798237	1.7669913621176646e-09	0.19141835749149322	9.073785330385498e-05	5.958838499029243e-09	4.967843057812615e-08	1.3583721200305377e-07	8.778594340341783e-10	6.364494918095431e-05	5.252155688140192e-09	2.5916414259086194e-08	5.441239203207715e-08	1.222959163271753e-08	3.191299882817e-08	1.0649723947153689e-07
CNCP[0]	0.04767170663923025	3.565652495041149e-08	0.0	0.0	0.00022461908646874917	0.0	5.7774639117269545e-09	0.0	0.0003120019355890236	0.0005298539263137059	0.0	0.0	7.842122460715472e-05	0.0	2.3174192756414412e-05	4.394363146275282e-05	6.695072050206364e-05	0.0	0.0	0.0
CNCP[1]	0.0	0.07273873242549599	0.21923524966055766	0.3415759646892548	0.03508774891088251	0.009135581577671312	0.19818624279461802	5.605193857299268e-47	0.0015429175272583962	1.401298464324817e-47	0.005696203584448085	0.31751153338700533	0.02918142909884864	0.029234343799189766	0.01818746494951713	0.01244546206071349	0.02186190733615149	0.0033034758261694186	0.015252070142887535	0.0060160415265819054
CNCP[2]	1.3926249138318525e-08	9.040195209308876e-08	0.0007041405968413983	5.058333337728982e-05	7.885776948374306e-05	0.14263190327292852	1.0387628890384804e-09	0.0035039175737725786	0.01618338844294158	0.3393454672396183	0.0700606450428711	0.014368533598296339	0.003703965502139468	0.008469732091129249	0.002928698166031206	0.00840894790991796	0.009562909869459872	0.0033212401561049	0.02670471216185092	0.0027974775708570123
CNCP[3]	1.3308890012275754e-08	1.3404679464201763e-08	0.0030187152408813578	8.194160045604803e-08	1.2540045020159595e-08	0.039142434997484085	2.2671851095585894e-05	0.025810112742037747	0.10357317931950093	0.001273917003286158	0.0003038209121726254	0.002178260647533534	0.0015546929046585944	0.0024801439349223385	0.00039069390490681144	0.0017963954923399693	0.0004345828797795098	0.0001491694275841837	0.0027853576244269364	0.0013140979298646015
CNCP[4]	1.1565330435558962e-07	2.4860658243142096e-09	1.5094057889655233e-05	0.0	9.725108760960666e-08	0.016049117961083537	2.703526824632263e-10	0.031877304166555404	0.05007406201213598	0.00026643617695821576	2.802596928649634e-47	0.00038633476129355413	0.0003441351917621205	0.0004935774787645642	5.012098306792723e-05	0.00043251616248198845	2.3038917631197365e-05	7.119867956362214e-07	0.00034637623925446413	0.0002852355726610334
CNCP[>4 & <=8]	1.1862922274730181e-07	5.551132593595298e-09	1.6469212800376256e-08	0.0	5.087104970158407e-08	0.0012181412659953317	0.0	0.09155377328395843	0.05479210277100719	5.748342264411121e-09	1.044392803351002e-09	0.0004194897390266306	2.4590013341594387e-05	2.3944410742871014e-06	2.661062114501619e-08	8.731540113316782e-05	6.709648019409542e-08	3.9761231273582886e-08	9.587132780097818e-08	3.6863426687432365e-05
CNCP[>8]	1.9343073635269547e-07	2.735507718654162e-07	1.5507310102691464e-10	5.065450658925385e-10	8.12854499321336e-08	0.0	1.2914600887503625e-06	0.08749542109668255	1.1762184103153828e-07	5.838614889619453e-09	3.3165170520987888e-09	7.050516440898492e-08	9.093191535747368e-08	1.7629006379138446e-08	4.573893683357255e-08	6.673850187155495e-08	1.327634113579279e-07	0.0	3.2674056313908296e-08	6.540158210555091e-09
OsCN[0]	0.043722300076625024	0.00032912395894527433	0.041668970916293346	0.01280633746262651	0.0020195088076773483	0.10934173212852329	0.0022269368348734678	0.18502842344343662	0.009849143995088525	0.00537109465819073	0.001212986933533103	0.0032099021188696495	0.05132422944530966	0.04922246732640348	0.02954811091243467	0.013617433179174404	0.006790016833692804	0.0322318025169359	0.08901456800289452	0.05007568346732455
OsCN[1]	4.4496083152978375e-05	0.0515741259418428	0.02673257093574648	0.013720225836877945	0.004750317715734127	0.03566252812743187	8.27956385910511e-05	0.022289445525966584	0.10848988063633441	0.04627196554094553	0.025203125055413694	0.022814910340530334	0.01779388614951671	0.023783630948164502	0.011733287804573174	0.026648014485253953	0.027257999919820575	0.002870826100697741	0.01691184690920636	0.018101106561552716
OsCN[2]	3.811596380742799e-09	0.00019873441662639378	0.01227306610730011	0.006934506703400984	0.0033263789466582237	0.008980284994468093	0.000760317119133757	0.004273439055832568	5.7171956068486904e-05	0.0027821647402606685	0.0007527412601336038	0.009732991720957216	0.0018194100732945894	0.004336753594994889	0.007091728256890198	0.002880820258235417	0.002150386354382665	0.003793250651826365	0.005645453833421925	0.003020241185055941
OsCN[3]	2.860381997926709e-09	0.008651454623322934	0.006047185060451738	0.008798286793753505	0.0	0.0022861317572824193	0.001254836866427098	2.517592834919924e-05	0.0032173166547727304	0.014551216219551862	0.0009964268984003865	0.013727913117036224	0.0017057199018578474	0.002275345179660917	0.0009155793144100244	0.0013349578000531157	0.0024708330019916503	0.00019431243249016462	0.0003098349172594794	0.0004097727124008088
OsCN[4]	2.5075855578649e-08	2.6559351827017963e-05	0.003312680018134415	0.004549211242701859	0.0002572385556413792	0.0010862641135463492	0.0016652214967621704	5.07782373460941e-06	0.0	0.0004692147878245123	0.0004292102095839088	0.003161327905836515	0.00025216045765017375	0.0006886998870362504	0.0007747732470720337	0.00010077736097173329	0.00026243672608188717	0.0006196378539041803	0.000574438025606696	0.00027915403544284353
OsCN[>4 & <=10]	1.0661011764501182e-08	0.0005761596822306104	0.0027004237741141426	0.013702342361211777	0.0	0.0001626248723397339	0.0064612888494355045	0.0	1.52856316708494e-05	0.005384612930938602	0.000623946676471867	0.008152820054092444	0.0005103655179398813	0.0002471521385390929	9.120129456277937e-05	0.00024231846415204928	0.0007186284074008853	0.0	0.0001070619051461108	9.764726747192754e-05
OsCN[>10]	4.028520841359295e-08	0.0	6.219728172408345e-05	0.0029698852100409566	1.764731993869617e-10	6.846438083130124e-10	0.002273971225577043	1.5055963498156189e-09	0.0	2.425664861981369e-05	4.048052569398663e-06	0.001072910576919881	3.8543286139436364e-05	1.2730638407507655e-05	2.4562398539273998e-06	6.110348689070122e-07	0.00017140044858572346	1.7636173765822604e-09	1.7698777696750767e-08	5.301982497485369e-10
SS[<=2]	7.724807081999074e-08	1.0455167294765033e-06	0.0	7.894701002442162e-05	9.236222865922627e-06	0.0013846712314989418	5.102609873119946e-07	0.0013346799107966944	0.0019506365299457684	3.896379086654633e-05	8.12539395155909e-05	0.0046709547015780116	0.00025191441627539274	7.476690242469886e-05	0.00026496115752571825	0.0002142294938556826	0.0003909686366927545	3.3361859050842215e-05	0.0006236166413546584	0.00011283028313982868
SS[>2 & <=3]	1.2267128806975336e-07	6.993838752578085e-10	0.0	0.00013737459071302638	1.863022056625141e-09	0.00011579207126579228	8.343197102078648e-09	0.002243878388712801	0.026595845399867528	0.00015061769598935016	4.885105681751157e-07	0.026873820123728364	0.0021560426753454466	9.725594200915565e-06	2.5488214901567828e-05	0.0010807571204202303	0.0007511565175893508	1.401298464324817e-47	0.00028236687083733615	4.994960501790047e-05
SS[>3 & <=4]	9.147813356369384e-08	3.18400381615902e-10	4.207320444619356e-05	0.0006378048905451365	1.401298464324817e-47	5.737747983403096e-09	0.00015995900190493017	0.0004780880283908928	0.09711740139261565	0.001085464458431673	2.8903328555145436e-05	0.1382246179194408	0.008934799469342352	4.478486857806274e-08	5.634407784782525e-08	0.00440150091081307	0.0033316015059989467	0.00038773761855289025	3.7032351734467284e-07	0.0003533201840826905
SS[>4 & <=5]	1.2699080143008245e-09	0.003825960695219237	1.401298464324817e-47	0.04907263395912196	0.0	0.004508890538071386	0.004824872820865797	0.052245977120473984	0.007670438857785484	0.05553339050544309	0.002658316968975208	0.2660461499541998	0.006477234308902489	0.005123874235860527	0.0036380617506802083	0.020486253458582154	0.036919730120047324	0.004436766641509427	0.010315796139379926	0.0237807337392681
SS[>5 & <=6]	2.1554529716638626e-10	0.004000434792918972	0.0030368468980304895	0.18734501797705888	0.0006259382486459747	0.10120941036613658	0.07767898770344119	0.10706487808376551	0.0020627498091198506	0.05089936919277534	0.005555641573721895	0.012193615012802184	0.0018549392372369767	0.011219046470963666	0.013873647792079282	0.0040299901366233825	0.009769917491214026	0.013397544001510173	0.01919991571689027	0.0043214024819025094
SS[>6 & <=7]	0.0	0.000267107542604208	0.22050073012709617	0.07946630498860031	0.0030888695335378456	0.050066595375720106	0.0242011169418231	0.02844514761120081	0.07524396380234982	0.07103111186996103	0.005581852732978815	0.0010362423211336136	0.01562551289796829	0.03926953510770431	0.025297039508877787	0.017753079184331	0.008843159687821754	0.01611105528207513	0.02263700318397042	0.01676050512569961
SS[>7 & <=8]	0.01567769197747111	0.13597331196069717	0.07819477943703532	0.0026969214051496236	0.09125316578894854	0.003129274668317521	0.008187566455290094	0.0002810454131023361	0.04336189197280646	0.03760214445501333	0.024564420977842553	0.006407040297728518	0.04497482670322397	0.0487826406332897	0.019705397002502602	0.02931781798125712	0.018312530627258523	0.019573648307705298	0.016023865854954127	0.03043914955458604
SS[>8]	0.03678095139563084	0.0014297646998268831	0.0	3.785195650252149e-09	0.012498620016105378	4.724358038110665e-10	0.0	0.0	0.0	3.9749300739799767e-10	5.41034196999135e-09	9.736024804141152e-09	5.292672788925756e-09	1.310880382021651e-10	5.000604426541599e-08	1.401298464324817e-47	4.203895392974451e-47	3.0490039648611853e-09	2.8222335899386052e-08	9.842440107377115e-10
NC50[<=2]	0.0013388037704862655	1.1058891580262298e-10	0.0	3.4941279035693996e-08	6.672190799861255e-11	3.597498903218366e-09	1.8129462675542384e-09	8.964420993033073e-05	0.0	2.4185699887269153e-09	6.991855627802579e-10	2.7337480849443097e-06	1.152136103854673e-07	4.3633899849737644e-07	3.081268246774016e-08	1.8930385551083616e-05	6.2227014622351365e-06	1.1504410652207753e-06	2.127595307155339e-05	1.5876015965332614e-06
NC50[3]	0.0005358754712506197	1.7515409101793722e-05	0.0	6.340200894694447e-07	0.0004948626844769421	1.6893516650107188e-06	2.5874183914771365e-05	8.286746070576e-05	0.0	0.0	0.0	4.018822315711434e-06	2.070327755063772e-05	1.344603065778216e-06	1.2573788167031808e-05	1.9769056128993157e-06	8.935794521818252e-06	1.258559161826156e-05	5.2030146883463856e-06	4.928558775176839e-06
NC50[4]	0.00012274199207311652	0.00026241848001788524	0.0	8.587236022776778e-06	0.0011873245460446923	7.00590608175844e-07	0.00012992218222734664	2.145285436081723e-05	0.0	0.0	0.0	2.3935349818202675e-05	2.609244006634981e-08	1.5004316462174927e-05	0.0	2.802596928649634e-47	6.394532265403541e-06	0.0004747872513723905	1.1528903778526e-05	7.339371054513322e-05
NC50[5]	2.24082059024866e-05	0.0006670674938322918	1.8598809281566985e-09	8.492936769810555e-07	0.0008526305293344195	2.2345449053076116e-05	0.0	7.908534826128743e-08	5.898036281593022e-11	1.1202076757750313e-05	2.1151139026454047e-05	1.1127367626979635e-05	2.2084294694777462e-05	2.583994832463077e-05	4.5763530240101604e-05	1.6323797201671653e-05	8.695220341792264e-06	0.0	1.0709269145028344e-05	1.9501431045227945e-05
NC50[6]	8.599958837791632e-06	0.0006863274224451744	0.00013681457329971724	1.49441824760288e-06	0.00022482485241994253	1.0261231479331556e-05	0.0	0.0	0.00010785486305834979	5.450861850192723e-05	0.0006481849004351759	1.4429020811803639e-05	7.102333086635326e-05	3.0679641458846166e-05	0.00023185087387711078	2.437183605369597e-05	5.813069062810427e-05	0.0	2.086634747684002e-05	2.1724567341152577e-05
NC50[7]	6.9116857886086795e-06	2.77829732268442e-05	0.00031333241989168315	7.775996591590228e-06	3.0801000241211794e-05	5.14663988724351e-07	2.4584407903738282e-06	0.0	0.0002737908058702487	0.00017692000347580673	0.0006945372722111643	3.3551833439560142e-06	7.785174441423237e-05	2.257573622408415e-05	0.00014717887054246147	9.898949184901085e-06	1.979860609935713e-05	0.0	1.563463985803537e-05	7.963011823255428e-06
NC50[>7]	2.3562381423971603e-05	1.4581320312689883e-06	4.5148619685339564e-05	6.172335099274839e-07	7.553167010136974e-06	0.0	2.6084586135377564e-06	1.7574997013269922e-11	9.401069806384665e-05	6.606808850960988e-05	0.0001435353799231187	8.436047416182646e-11	5.179979385012634e-05	7.247386922220045e-06	4.5302732190428683e-05	5.2465651577260356e-06	1.2423746969312255e-05	9.362361552689436e-11	1.2526560909895679e-05	1.6160160048226402e-05
BoChr[1]	2.2141281238230447e-06	0.0014183741156494189	0.005361877983177052	0.003912543917315302	0.0005649800600850696	0.007887394824002292	0.0014553677240983288	0.0009502969680651733	0.006745383777253828	0.0014781095142607653	0.002716886371262983	0.0024849986150598637	0.0009602558858993859	0.0006400548998234081	0.00038235412559107287	0.5167510058544577	0.0008360073791874356	0.0001804428546379365	0.0006090014300506219	0.00028220912399458343
BoChr[2]	2.361054701923382e-05	0.0036307207767893603	0.017550003700719685	0.00290683668688871	4.277337109670043e-05	0.012088376581752706	0.003640505198854953	0.0	0.0030524925660428436	0.003523594306369449	0.023807948544626926	0.0022780910417787934	0.009827341055788565	0.10377850040192697	0.00020663549357362144	0.001424618073910744	0.016317542277497238	0.00013299004770487956	0.00024388134559405472	0.005910883571323211
BoChr[3]	3.784876188132946e-05	0.002173176553376095	0.00883235936626761	0.0011685388265447471	0.00020948729277524335	0.010301860984743361	0.004148613646553372	0.0002221194580756894	0.0011605499602731584	0.0035689252795630465	0.006367791515315658	0.005761590359945843	0.0027737798515531866	0.20097026160918177	0.0033504180688984776	0.0001543497615875822	0.0406239017351912	5.33695265437662e-08	8.979527866245008e-05	0.007999072286640683
BoChr[4]	2.3801525690592128e-07	0.00044231098476458895	0.0036834248351171085	0.0008828411629672648	0.0002151306133125841	0.002927322905363043	0.006111579499061577	0.002462826630253403	0.005303864441714836	0.005156888205158907	0.03527227879736681	0.010900600174506767	0.004292498871987789	0.03230116721260626	0.005157568519498454	0.015958560924555065	0.03273908290027805	0.02182903730576527	0.014602308781913962	0.005183515182716291
BoChr[5]	4.1796929854009957e-07	0.0002850588960107814	0.003882922110085616	0.0023313978754408104	0.000346871869632821	0.0010158521993770687	0.0019409182388015012	0.004302802601049276	0.001764084510214161	0.0029862789404845103	0.03347608199405706	0.029857138880559457	0.004931945640755835	0.03406538126103596	0.0036005815394400996	0.0035452422153423413	0.13553945047962498	2.3867794889511628e-05	0.0003140702964174125	0.005556412984913734
BoChr[6]	4.383724289886981e-06	0.0009151033138590492	0.001829827997333755	0.0019371014839938638	7.932186832935174e-05	0.005309124784385437	0.0041776355140139285	0.0005667654665428578	0.0030928662584110713	0.002493665580030899	0.032049352044660646	0.00018161215206402126	0.009718155922656017	0.10093758230649791	0.0547152818710429	0.0165207624743455	0.026114176470743385	0.01868791545372039	0.02839120276329549	0.04827786693009145
BoChr[7]	1.5017068084235419e-05	0.0006234085664301858	0.0009602945761892201	0.0008346761999354708	0.00023008525573558813	0.00341183922089781	0.0001876798641986177	5.651325291330611e-05	0.0012895519434567393	0.0027620500547427106	0.006447489785135534	0.004522695085624164	0.0012627504666028288	0.00670520002781096	0.0031329379633550066	0.020515486042422763	0.2892215445281704	0.0004818582767788371	0.005224183333471828	0.025424645812033405
BoChr[8]	1.491346351460976e-06	2.2967688254755826e-05	0.0015643603446763316	1.0376798629849198e-05	2.0557511441454687e-06	0.00029467038464305116	8.299769296348348e-05	1.1914987609951133e-06	0.00010571070503351286	6.472186280013196e-05	4.3106881560257604e-05	0.000126564112544294	5.570119024624021e-07	0.00012126720392460159	2.0850445659386945e-07	1.1269602528169998e-05	2.2224754116833062e-05	0.6081166410446167	0.000995322520650273	5.870308818445912e-09
BoChr[9]	1.217596339531113e-08	0.0005310777520763294	0.0012508036861004256	0.0031546676141155673	0.002802959277851258	0.00546853794150349	0.004510738776555421	0.0001254518826080542	0.004925436647695704	0.00607284947838366	0.011417172741533364	0.0007611247342231308	0.0036191489437155154	0.017890212983888744	0.1028933887090534	0.0007367162489804719	0.01977371300217783	7.876576793464096e-05	0.00928475673459161	0.00258472557993958
BoChr[10]	5.473758908710009e-06	0.000735420252451462	0.012966770524217281	0.001219177812437664	0.00081741923201065	0.00375842409595009	0.0060489200306989765	0.0	0.006771323824392255	0.004794670998547731	0.023164329731909846	0.0005539278462674701	0.0036729174616152702	0.02401491156037082	0.012164393636403474	0.00180315857171081	0.009149308679525348	0.01704516823531295	0.010023843557573854	0.0021345665097086907
BoChr[11]	8.23562603825545e-07	1.1793573347773644e-06	0.0008619871162149196	0.00040130513722844293	1.0238360857783846e-07	0.0003337532076845462	6.657472914899723e-05	0.00019410683488843894	0.001643190941270672	0.0010088027145066158	0.00012234482017151827	0.0031171736608966594	0.0005787931932784751	9.148054539355855e-05	0.00017147197246449863	0.0271126547895034	0.00014235673746248653	0.003288556114116581	0.00064593886451645	0.4896794920672477
BoChr[12]	1.586635395683933e-07	0.00025104025619967276	0.003997056992932413	0.0024009470812766365	0.0005823952092522975	0.00010294051295232976	0.003423431169890101	0.035606280530725204	4.7497880796816616e-05	0.005520509976189274	0.029224606202410266	0.0093487526761146	0.006740686627132497	0.0096829771233255	0.01735926845447182	0.07529980166326596	0.06033492036469397	0.007845867775393174	0.026428658707668546	0.017398902424029073
BoChr[13]	5.199141935197104e-07	0.00046691604433561905	0.0010143237015033434	0.0013893838525218171	0.0020917489506837228	0.0021427677536848934	0.007202965358552973	2.635290612911234e-06	0.0053154265384281986	0.0009917017426155895	0.02606247261585594	0.0006309427622944952	0.0005390419348998421	0.023702620600915908	0.020565773489964842	0.0011858271363962558	0.003724674293784176	0.00022858314698964932	0.011599845361065491	0.0058989824974372594
BoChr[14]	0.00011606565594972196	0.0013523036985938575	0.004121607126155883	0.0037053151708879095	0.0029454354933159265	0.005506729095402329	0.0011542585258154502	0.0008707592103746719	0.005682538137044612	0.0022880444267274844	0.011202241870220533	6.213057350610283e-06	0.007901197894984563	0.0063093968888895445	0.035528344784397634	0.002840183209910094	0.0003509937530083063	0.0002899114611136751	0.011986482310774135	0.003461150847634826
BoChr[15]	3.3154034416171816e-08	0.0007207375800395966	0.004175633209160807	0.0020698883099169053	0.0013360351189749054	0.0040839935566478495	0.0005947918145830045	0.0003214173421292799	0.008012662581168116	0.0010424294328116813	0.007661884218344426	0.001089565237760901	0.0052138331597724515	0.006361041173434932	0.026725623935693648	0.003855810307077121	0.0014137086490518414	0.0	0.013889676180593825	0.003725208866301151
BoChr[16]	3.813189255907901e-08	0.0042890159442322325	0.0038326218514703387	0.004486994577455335	0.00361554875740552	0.005207478846714385	0.00033569325987627965	0.0004202744177018758	0.005452648530481383	0.006139997124555521	0.015676796087936963	5.555617157369852e-05	0.0029838488093810157	0.003476722080150836	0.01135134279483509	7.146238931454718e-05	0.0007917250599712134	5.4137782426550985e-05	0.0097912660707334	0.00727542870095931
BoChr[17]	2.0709974105148633e-06	1.4906081269538961e-06	3.026218319584451e-08	0.00024671069399206046	0.00019295799941571713	6.533611134202135e-07	2.100249286450584e-05	0.00030704910746855976	0.0007143296653229894	3.4771482884111314e-08	5.983300280987741e-05	5.2264074933119354e-05	5.778204831657968e-07	2.4820177712746938e-08	0.00012320090966840211	0.0202220914494567	4.610123303105951e-09	0.021069680124759946	0.36937961790019075	0.04306535211565087
BoChr[18]	3.406234594494073e-06	0.00013996207155287266	0.001959986636698261	0.00115264760853961	0.0018885830577801243	0.005465597758381477	0.0013275096557976073	0.0003034151056186829	0.0014891329516103723	0.00042215766369480435	0.0023153871774866273	0.0005053383547577806	0.0025543969026611745	0.012986284808894855	0.10335319308760404	0.0033413721983765756	0.015414395457186245	1.8188492489912278e-10	0.00510990274193972	4.0432945668840146e-05
BoChr[19]	3.089101494735402e-07	0.0002832232806666024	2.6286482017781055e-05	0.0007469564479525559	0.00047134979023230275	0.007491046488931445	5.4702641511865147e-05	0.0008774958231706798	0.00030395426933537805	1.8451975947186838e-10	0.00754231250664816	0.0002742981148256263	0.00268352967092266	0.014667129717691125	0.08927811591312547	0.009507837456719936	0.015983825079696316	1.7309765179716054e-05	0.028650675332213497	0.014899523459857846
BoChr[20]	3.3445695008516016e-08	0.00044435690095141924	0.0015229312077102016	0.0012506053380046478	0.0003213414995991215	0.0055462848999013655	0.00012143780985240937	0.0016796981269489697	0.0006909523103627179	0.0001903813761980544	0.017398162542756664	1.6290521874631202e-05	0.002680409074117511	0.02082664612018804	0.051718577610013694	3.172313328832388e-05	0.013837359571465414	4.861739171246881e-09	0.023346081183131275	0.018922574486938543
BoChr[21]	2.525434607549504e-05	6.80739822837495e-05	0.0013602483751536559	8.406277745962143e-05	0.0025181392955764535	0.0022575868405692746	0.0034597094148303142	0.001305894547040225	0.001693062272575503	0.0001775854047446046	0.006622042682768097	0.0053117283690463065	0.0017884761684990736	0.006491654222686521	0.034349801559011156	0.0018745151557959616	0.0029280793480575083	0.0006071055519100809	0.0018291829014196992	0.002376467484573368
BoChr[22]	5.829854431581793e-05	0.00048664900522453535	0.0004200320449308492	0.0011422729113542227	0.0019711683340793793	0.002451486554200528	0.0008326446176480218	4.17501059564529e-05	0.0008222006386858993	0.000706635859837661	0.0035133876699336495	0.0001500823988499178	0.0028004483634117604	0.0027230488101508852	0.06300112180877476	0.0003309598194755381	0.0017224185244401724	3.167959050642821e-10	0.011144090120233159	0.001564860213586634
BoChr[23]	0.0010116061930240505	0.00010379186538102659	0.004211838481750446	0.001116259324781126	0.00016062774437819894	0.0008817284263932379	0.009958492032601497	0.003133351092046439	0.01833004430386964	0.00016144234890816734	0.01467809345267888	0.010625093353446573	0.0025724055866635353	0.014251582688921332	0.014004486366175115	0.001285620034672661	0.016149869363030766	0.0010947284415328796	0.005735177964343023	0.0009737311061871879
