MutationType	SBS80A	SBS80B	SBS80C	SBS80D	SBS80E	SBS80F	SBS80G	SBS80H	SBS80I	SBS80J	SBS80K	SBS80L	SBS80M	SBS80N	SBS80O	SBS80P	SBS80Q	SBS80R	SBS80S	SBS80T
BP10MB[0]	2.28E-03	8.25E-03	4.08E-03	1.67E-04	1.01E-02	2.73E-04	1.49E-03	6.61E-04	3.31E-03	3.88E-03	4.01E-03	3.15E-03	8.44E-03	6.49E-03	7.85E-03	2.38E-03	2.43E-03	3.61E-03	6.44E-03	5.26E-03
BP10MB[1]	1.18E-09	2.54E-03	3.22E-03	1.34E-04	4.64E-03	2.97E-04	6.47E-04	1.08E-04	5.69E-04	3.25E-04	1.77E-03	2.13E-03	3.54E-03	3.62E-03	3.74E-03	1.54E-03	3.02E-04	3.49E-04	3.00E-03	2.69E-03
BP10MB[2]	0.00E+00	2.82E-03	1.57E-03	7.95E-04	5.23E-04	2.65E-04	8.48E-04	0.00E+00	1.45E-03	2.20E-03	1.72E-03	3.52E-04	2.87E-03	1.91E-03	7.64E-04	1.04E-03	1.17E-03	2.92E-04	8.25E-04	9.27E-04
BP10MB[3]	1.01E-09	1.27E-04	5.98E-04	3.37E-04	1.95E-04	2.83E-04	2.62E-04	5.38E-05	5.49E-04	2.74E-04	1.84E-04	2.94E-04	5.98E-04	6.69E-04	5.71E-04	3.82E-04	1.64E-04	1.59E-04	5.62E-04	4.82E-04
BP10MB[4]	8.85E-10	3.09E-04	8.92E-04	5.08E-04	0.00E+00	1.61E-04	1.93E-04	0.00E+00	3.68E-04	4.99E-04	2.90E-04	2.70E-04	6.24E-04	1.10E-03	9.28E-05	3.78E-04	4.78E-04	2.40E-47	3.02E-04	3.32E-04
BP10MB[5]	1.78E-09	0.00E+00	3.57E-04	2.05E-04	0.00E+00	1.57E-04	9.72E-05	5.40E-05	1.83E-04	1.12E-04	2.67E-05	3.52E-05	2.22E-04	3.55E-04	2.28E-04	1.04E-04	3.03E-05	2.29E-04	2.29E-04	2.11E-04
BP10MB[>5]	2.54E-09	0.00E+00	1.49E-04	6.06E-04	0.00E+00	4.70E-04	2.21E-04	2.28E-04	1.80E-04	3.37E-04	2.82E-05	9.07E-04	1.56E-04	5.39E-04	2.88E-04	1.07E-04	6.28E-04	4.00E-04	2.91E-04	1.34E-04
BPArm[0]	2.96E-04	7.86E-04	1.17E-04	3.66E-05	1.43E-03	1.91E-05	1.48E-04	7.50E-05	1.82E-04	2.50E-04	1.48E-04	8.01E-05	3.42E-04	3.42E-04	2.55E-04	1.72E-04	3.54E-04	3.95E-04	2.42E-04	2.25E-04
BPArm[1]	5.66E-05	2.74E-04	5.56E-05	5.95E-10	7.29E-04	2.66E-09	1.27E-06	5.98E-06	0.00E+00	8.94E-10	6.99E-05	6.94E-05	1.40E-04	3.32E-04	5.28E-04	2.60E-05	1.53E-08	0.00E+00	4.76E-04	3.47E-04
BPArm[2]	9.03E-05	9.49E-04	0.00E+00	3.83E-11	1.02E-03	2.69E-06	4.25E-05	7.94E-06	2.16E-05	3.66E-05	1.68E-05	4.03E-06	2.28E-04	5.17E-06	4.77E-05	1.00E-05	5.84E-06	4.42E-05	3.78E-05	2.09E-07
BPArm[3]	1.95E-09	2.75E-04	2.62E-04	1.03E-06	5.54E-04	0.00E+00	1.59E-05	4.02E-06	4.06E-05	5.72E-05	1.64E-04	1.93E-04	3.16E-04	3.65E-04	4.30E-04	1.20E-04	1.30E-05	3.90E-05	3.18E-04	2.77E-04
BPArm[4]	1.61E-09	2.66E-04	9.72E-05	0.00E+00	1.71E-04	0.00E+00	4.51E-05	2.50E-05	1.58E-04	1.85E-04	8.52E-05	5.68E-05	3.33E-04	1.25E-04	1.48E-04	4.18E-05	5.83E-05	4.52E-05	6.87E-05	7.77E-05
BPArm[5]	2.27E-09	1.60E-04	2.84E-04	0.00E+00	2.76E-04	3.24E-07	2.65E-05	7.06E-06	5.99E-05	7.56E-05	1.16E-04	1.53E-04	2.43E-04	2.11E-04	2.70E-04	1.12E-04	1.22E-05	5.42E-05	1.91E-04	1.60E-04
BPArm[6]	8.51E-10	2.35E-04	1.23E-04	9.12E-06	4.39E-05	1.38E-05	5.81E-05	1.16E-05	1.36E-04	1.78E-04	9.38E-05	5.23E-05	2.13E-04	8.45E-05	1.63E-04	6.04E-05	7.33E-05	3.81E-05	7.92E-05	7.93E-05
BPArm[7]	1.65E-09	9.08E-05	1.68E-04	1.38E-05	1.06E-04	1.80E-05	1.81E-05	5.96E-06	6.27E-05	5.69E-05	7.31E-05	9.18E-05	1.41E-04	1.74E-04	2.00E-04	8.34E-05	3.65E-05	2.24E-05	1.05E-04	1.41E-04
BPArm[8]	1.44E-09	1.79E-04	9.95E-05	2.60E-05	6.41E-06	1.78E-05	6.75E-05	1.54E-06	7.74E-05	1.36E-04	5.94E-05	2.59E-05	1.31E-04	8.38E-05	9.55E-05	2.69E-05	8.75E-05	7.52E-05	5.76E-05	6.37E-05
BPArm[9]	1.61E-09	4.71E-05	6.80E-05	2.22E-05	1.94E-05	1.69E-05	1.79E-05	1.25E-06	4.98E-05	4.57E-05	6.23E-05	4.60E-05	7.46E-05	1.14E-04	1.57E-04	6.22E-05	6.20E-05	3.05E-05	7.57E-05	7.53E-05
BPArm[10]	1.81E-09	1.09E-04	8.13E-05	3.88E-05	1.80E-07	3.90E-06	4.02E-05	0.00E+00	6.23E-05	1.10E-04	5.12E-05	3.44E-05	8.17E-05	8.33E-05	3.80E-05	5.33E-05	4.80E-05	2.10E-05	4.95E-05	6.33E-05
BPArm[>10 & <=20]	1.53E-09	1.83E-05	5.44E-04	2.70E-04	0.00E+00	1.08E-04	7.37E-05	1.27E-05	2.17E-04	1.88E-04	1.40E-04	1.52E-04	2.75E-04	5.78E-04	1.13E-04	1.98E-04	1.25E-04	1.01E-04	2.51E-04	3.21E-04
BPArm[>20 & <=30]	2.46E-09	0.00E+00	1.58E-04	8.26E-05	0.00E+00	7.11E-05	9.10E-06	4.05E-05	8.80E-05	5.21E-05	2.54E-05	5.46E-05	8.50E-05	1.58E-04	5.85E-05	4.06E-05	3.39E-05	1.05E-05	8.81E-05	1.13E-04
BPArm[>30]	2.51E-09	0.00E+00	8.06E-06	1.03E-04	0.00E+00	7.55E-05	1.85E-06	4.42E-05	0.00E+00	8.70E-06	0.00E+00	1.27E-04	2.41E-06	5.02E-05	1.75E-05	0.00E+00	7.86E-05	2.61E-06	3.23E-05	3.72E-06
CN[0]	2.23E-06	6.77E-04	2.56E-09	8.57E-10	1.39E-08	1.40E-47	7.29E-04	5.77E-09	2.37E-03	4.69E-03	7.78E-09	7.70E-06	3.64E-03	3.25E-08	2.83E-03	1.97E-03	3.77E-03	2.68E-09	1.35E-08	7.20E-09
CN[1]	1.17E-04	6.67E-05	2.66E-04	1.83E-04	2.50E-05	0.00E+00	9.42E-03	0.00E+00	1.97E-03	2.15E-03	4.03E-47	1.09E-03	2.34E-03	4.16E-04	8.13E-04	1.74E-03	1.06E-03	2.41E-04	8.49E-06	7.60E-04
CN[2]	2.05E-03	4.77E-03	1.54E-03	3.32E-03	1.82E-04	1.46E-04	5.73E-03	3.73E-04	9.84E-04	7.34E-03	3.06E-04	2.00E-03	3.85E-02	8.89E-04	9.83E-04	3.08E-03	1.94E-03	2.72E-05	4.34E-04	2.61E-04
CN[3]	9.81E-09	8.78E-04	3.74E-03	6.82E-03	2.21E-03	5.05E-05	0.00E+00	3.82E-04	2.98E-03	5.26E-04	1.32E-02	2.51E-03	4.91E-03	4.52E-03	9.54E-03	6.76E-03	8.12E-03	5.47E-03	5.14E-03	5.05E-03
CN[4]	7.92E-10	0.00E+00	6.30E-04	7.07E-04	1.44E-04	4.66E-03	0.00E+00	4.68E-04	1.01E-03	3.85E-03	7.94E-03	5.43E-04	9.55E-04	4.57E-03	3.16E-03	2.98E-03	4.39E-03	2.89E-03	4.18E-03	3.87E-03
CN[>4 & <=8]	3.68E-09	0.00E+00	1.91E-04	2.58E-08	7.79E-09	5.82E-03	0.00E+00	1.90E-03	2.83E-03	1.49E-07	4.99E-03	7.55E-04	2.60E-07	5.85E-03	1.78E-07	2.99E-03	2.84E-03	3.57E-07	3.12E-04	2.08E-03
CN[>8]	4.51E-09	3.00E-09	1.35E-09	1.30E-07	1.80E-09	3.45E-04	1.08E-09	1.77E-03	7.59E-05	3.84E-09	3.67E-08	2.25E-08	5.94E-10	6.33E-05	5.25E-09	1.58E-08	2.60E-08	9.02E-09	1.58E-08	3.92E-08
CNCP[0]	2.23E-04	2.34E-08	0.00E+00	0.00E+00	1.07E-04	0.00E+00	5.78E-09	0.00E+00	4.59E-05	6.45E-05	0.00E+00	0.00E+00	4.65E-05	0.00E+00	2.32E-05	4.39E-05	3.95E-05	0.00E+00	0.00E+00	0.00E+00
CNCP[1]	0.00E+00	2.80E-03	5.03E-03	4.39E-03	2.76E-03	3.59E-03	8.09E-03	3.40E-47	5.84E-04	1.40E-47	3.33E-03	1.04E-02	7.43E-03	5.30E-03	3.89E-03	3.62E-03	5.92E-03	1.35E-03	3.88E-03	2.24E-03
CNCP[2]	2.93E-09	5.51E-08	4.89E-04	4.84E-05	7.88E-05	6.11E-03	1.04E-09	6.22E-04	3.49E-03	7.43E-03	8.66E-03	4.57E-03	2.53E-03	3.31E-03	1.45E-03	2.51E-03	3.17E-03	1.27E-03	3.80E-03	1.28E-03
CNCP[3]	2.70E-09	9.30E-09	3.59E-04	5.17E-08	1.04E-08	1.64E-03	1.68E-05	6.45E-04	1.97E-03	2.84E-04	1.58E-04	7.56E-04	1.06E-03	1.28E-03	2.50E-04	1.18E-03	2.53E-04	9.39E-05	1.03E-03	9.19E-04
CNCP[4]	4.73E-09	1.64E-09	1.51E-05	0.00E+00	1.95E-08	6.60E-04	2.70E-10	3.99E-04	1.07E-03	5.22E-05	1.97E-47	3.10E-04	2.36E-04	3.07E-04	4.97E-05	3.95E-04	1.79E-05	3.40E-07	2.32E-04	2.70E-04
CNCP[>4 & <=8]	3.36E-09	2.65E-09	8.65E-09	0.00E+00	7.35E-09	3.11E-04	0.00E+00	9.30E-04	1.16E-03	2.28E-09	1.04E-09	4.19E-04	2.41E-05	2.36E-06	1.57E-08	8.73E-05	2.86E-08	1.48E-08	5.43E-08	3.67E-05
CNCP[>8]	2.68E-09	9.18E-09	1.09E-10	4.75E-10	7.44E-09	0.00E+00	1.14E-06	9.73E-04	2.76E-08	2.33E-09	1.89E-09	1.81E-08	1.11E-08	1.76E-08	3.27E-08	3.94E-08	7.30E-08	0.00E+00	1.38E-08	6.54E-09
OsCN[0]	1.52E-03	3.29E-04	3.16E-03	1.35E-03	5.43E-04	4.61E-03	4.99E-04	2.64E-03	1.91E-03	8.27E-04	7.85E-04	9.85E-04	1.48E-02	1.69E-02	4.09E-03	3.65E-03	2.32E-03	3.18E-03	1.39E-02	1.41E-02
OsCN[1]	1.37E-05	1.11E-03	1.07E-03	9.29E-04	6.14E-04	5.43E-04	8.28E-05	4.52E-04	1.55E-03	1.06E-03	1.46E-03	2.75E-03	1.98E-03	2.20E-03	1.55E-03	1.95E-03	2.02E-03	5.59E-04	1.60E-03	1.41E-03
OsCN[2]	9.62E-10	1.52E-04	4.80E-04	1.85E-04	3.51E-04	2.15E-04	1.48E-04	1.27E-04	2.85E-05	3.42E-04	1.94E-04	4.88E-04	5.11E-04	6.36E-04	6.76E-04	3.85E-04	3.45E-04	3.97E-04	4.94E-04	3.75E-04
OsCN[3]	8.99E-10	3.71E-04	3.37E-04	1.31E-04	0.00E+00	1.87E-04	2.35E-04	1.15E-05	2.63E-04	2.88E-04	2.39E-04	4.35E-04	4.48E-04	3.32E-04	2.02E-04	2.55E-04	3.48E-04	7.44E-05	1.22E-04	1.41E-04
OsCN[4]	1.63E-09	2.09E-05	1.14E-04	7.31E-05	4.31E-05	6.86E-05	1.21E-04	2.58E-06	0.00E+00	8.85E-05	7.41E-05	1.82E-04	8.98E-05	1.17E-04	1.35E-04	3.21E-05	6.69E-05	9.86E-05	1.06E-04	6.63E-05
OsCN[>4 & <=10]	1.10E-09	1.06E-04	3.40E-04	2.55E-04	0.00E+00	6.46E-05	3.41E-04	0.00E+00	1.01E-05	1.79E-04	1.42E-04	4.40E-04	2.18E-04	1.01E-04	6.55E-05	7.60E-05	2.35E-04	0.00E+00	5.37E-05	4.32E-05
OsCN[>10]	1.55E-09	0.00E+00	2.80E-05	1.07E-04	1.61E-10	6.85E-10	1.07E-04	1.15E-09	0.00E+00	8.55E-06	2.91E-06	1.18E-04	2.71E-05	9.30E-06	2.07E-06	3.87E-07	7.48E-05	1.76E-09	1.66E-08	5.30E-10
SS[<=2]	4.88E-09	9.47E-07	0.00E+00	1.93E-05	3.23E-06	4.57E-05	3.84E-07	3.25E-05	1.66E-04	2.30E-05	2.79E-05	2.41E-04	1.38E-04	3.38E-05	6.95E-05	8.32E-05	8.86E-05	2.06E-05	9.22E-05	3.01E-05
SS[>2 & <=3]	5.59E-09	6.60E-10	0.00E+00	4.89E-05	1.11E-09	3.37E-05	5.61E-09	1.03E-04	1.78E-03	1.44E-04	4.36E-07	2.14E-03	1.23E-03	9.47E-06	1.53E-05	7.54E-04	6.35E-04	1.40E-47	1.04E-04	4.99E-05
SS[>3 & <=4]	5.77E-09	3.18E-10	4.17E-05	2.86E-04	1.40E-47	5.74E-09	9.39E-05	2.15E-04	6.61E-03	9.79E-04	2.89E-05	8.23E-03	5.11E-03	3.88E-08	4.66E-08	3.10E-03	2.75E-03	2.70E-04	2.17E-07	2.91E-04
SS[>4 & <=5]	7.38E-10	5.88E-04	1.40E-47	4.98E-03	0.00E+00	1.00E-03	1.25E-03	1.57E-03	1.56E-03	2.76E-03	1.51E-03	7.75E-03	3.13E-03	2.72E-03	1.81E-03	3.84E-03	7.64E-03	1.61E-03	3.18E-03	4.13E-03
SS[>5 & <=6]	2.02E-10	8.88E-04	1.39E-03	4.07E-03	2.36E-04	3.92E-03	4.28E-03	1.52E-03	8.27E-04	4.45E-03	1.82E-03	3.56E-03	1.36E-03	4.38E-03	3.65E-03	1.77E-03	4.48E-03	2.91E-03	3.52E-03	2.06E-03
SS[>6 & <=7]	0.00E+00	2.67E-04	4.82E-03	4.30E-03	7.89E-04	3.37E-03	2.76E-03	1.11E-03	5.13E-03	2.81E-03	1.14E-03	7.41E-04	5.00E-03	6.97E-03	4.58E-03	3.76E-03	2.39E-03	3.18E-03	4.89E-03	4.14E-03
SS[>7 & <=8]	1.60E-04	2.21E-03	2.81E-03	5.49E-04	3.03E-03	5.84E-04	8.35E-04	7.94E-05	1.69E-03	2.17E-03	2.42E-03	2.06E-03	4.27E-03	3.87E-03	3.43E-03	2.10E-03	1.90E-03	1.26E-03	2.89E-03	2.60E-03
SS[>8]	1.39E-04	3.75E-04	0.00E+00	1.16E-09	7.60E-04	3.17E-10	0.00E+00	0.00E+00	0.00E+00	3.03E-10	2.51E-09	3.04E-09	3.38E-09	1.31E-10	1.37E-08	1.40E-47	3.12E-47	3.05E-09	9.33E-09	9.84E-10
NC50[<=2]	8.12E-06	1.11E-10	0.00E+00	2.85E-08	6.67E-11	2.25E-09	7.73E-10	6.53E-06	0.00E+00	1.91E-09	6.99E-10	1.59E-06	1.15E-07	4.17E-07	2.18E-08	5.83E-06	3.97E-06	1.15E-06	6.48E-06	1.48E-06
NC50[3]	1.04E-05	8.44E-06	0.00E+00	4.38E-07	2.97E-05	1.10E-06	6.09E-06	5.78E-06	0.00E+00	0.00E+00	0.00E+00	1.46E-06	2.07E-05	1.34E-06	5.61E-06	1.41E-06	3.93E-06	4.53E-06	3.47E-06	3.65E-06
NC50[4]	7.96E-06	4.15E-05	0.00E+00	3.56E-06	5.42E-05	7.01E-07	1.58E-05	3.52E-06	0.00E+00	0.00E+00	0.00E+00	7.05E-06	1.84E-08	7.99E-06	0.00E+00	2.80E-47	3.59E-06	4.05E-05	5.80E-06	1.92E-05
NC50[5]	1.97E-06	2.57E-05	1.45E-09	4.27E-07	2.47E-05	3.49E-06	0.00E+00	7.91E-08	5.90E-11	6.00E-06	6.52E-06	3.77E-06	8.55E-06	1.12E-05	2.16E-05	1.16E-05	4.10E-06	0.00E+00	5.30E-06	8.00E-06
NC50[6]	1.10E-06	2.74E-05	1.51E-05	1.49E-06	1.92E-05	4.25E-06	0.00E+00	0.00E+00	1.38E-05	1.35E-05	5.03E-05	9.14E-06	2.23E-05	1.53E-05	5.05E-05	1.96E-05	2.92E-05	0.00E+00	1.21E-05	1.44E-05
NC50[7]	7.48E-07	8.53E-06	1.61E-05	3.78E-06	6.20E-06	3.77E-07	1.90E-06	0.00E+00	2.04E-05	1.95E-05	4.49E-05	3.16E-06	3.36E-05	9.59E-06	5.04E-05	9.90E-06	1.13E-05	0.00E+00	7.65E-06	6.75E-06
NC50[>7]	1.65E-06	1.14E-06	4.52E-06	4.93E-07	2.79E-06	0.00E+00	9.41E-07	1.76E-11	9.38E-06	8.81E-06	2.16E-05	7.20E-11	3.05E-05	5.35E-06	1.94E-05	4.71E-06	8.11E-06	9.36E-11	8.24E-06	1.49E-05
BoChr[1]	1.00E-06	4.81E-04	1.24E-03	1.20E-03	2.55E-04	1.65E-03	7.84E-04	3.22E-04	1.37E-03	4.35E-04	1.26E-03	1.46E-03	4.81E-04	6.23E-04	2.46E-04	2.86E-02	6.05E-04	9.83E-05	3.75E-04	1.83E-04
BoChr[2]	5.84E-06	6.71E-04	2.09E-03	6.27E-04	3.49E-05	1.60E-03	6.94E-04	0.00E+00	5.43E-04	5.48E-04	3.57E-03	1.08E-03	6.44E-03	1.51E-02	1.27E-04	1.08E-03	6.95E-03	7.36E-05	2.30E-04	4.79E-03
BoChr[3]	9.61E-06	5.12E-04	1.36E-03	2.53E-04	9.93E-05	1.76E-03	9.86E-04	7.70E-05	2.37E-04	5.71E-04	2.00E-03	1.37E-03	1.19E-03	2.08E-02	1.83E-03	1.25E-04	1.10E-02	5.34E-08	6.34E-05	4.46E-03
BoChr[4]	2.19E-07	1.11E-04	7.14E-04	4.16E-04	7.46E-05	5.89E-04	8.15E-04	3.08E-04	6.44E-04	4.58E-04	4.88E-03	2.61E-03	3.68E-03	9.19E-03	3.08E-03	5.09E-03	8.52E-03	5.37E-03	6.97E-03	3.36E-03
BoChr[5]	3.07E-07	8.60E-05	5.55E-04	1.11E-03	1.17E-04	2.69E-04	5.21E-04	5.52E-04	5.10E-04	4.18E-04	6.49E-03	4.82E-03	4.17E-03	1.16E-02	3.13E-03	1.38E-03	1.86E-02	1.38E-05	2.01E-04	3.75E-03
BoChr[6]	3.53E-06	2.92E-04	4.24E-04	4.42E-04	7.93E-05	1.11E-03	7.81E-04	1.68E-04	5.37E-04	3.70E-04	6.60E-03	1.82E-04	8.36E-03	2.00E-02	1.46E-02	7.25E-03	9.65E-03	6.79E-03	1.13E-02	1.41E-02
BoChr[7]	5.87E-06	2.18E-04	2.73E-04	3.62E-04	1.41E-04	6.01E-04	1.15E-04	4.42E-05	4.42E-04	4.32E-04	1.81E-03	1.81E-03	7.20E-04	3.74E-03	2.86E-03	7.05E-03	2.36E-02	1.55E-04	3.43E-03	8.71E-03
BoChr[8]	8.81E-07	1.96E-05	4.93E-04	1.03E-05	1.04E-06	1.32E-04	6.05E-05	1.19E-06	6.92E-05	4.55E-05	2.32E-05	1.27E-04	3.56E-07	1.13E-04	1.64E-07	7.51E-06	1.55E-05	1.20E-02	8.79E-04	2.35E-09
BoChr[9]	3.28E-09	1.55E-04	2.56E-04	5.64E-04	4.88E-04	6.79E-04	6.99E-04	5.23E-05	7.30E-04	4.13E-04	2.15E-03	2.84E-04	2.82E-03	6.70E-03	1.26E-02	3.72E-04	6.68E-03	3.83E-05	3.37E-03	1.87E-03
BoChr[10]	2.78E-06	1.62E-04	1.20E-03	3.20E-04	1.93E-04	4.70E-04	6.56E-04	0.00E+00	6.43E-04	4.25E-04	2.66E-03	2.65E-04	2.89E-03	6.34E-03	4.80E-03	1.69E-03	4.48E-03	2.63E-03	5.21E-03	1.52E-03
BoChr[11]	5.13E-07	8.29E-07	2.98E-04	3.75E-04	3.46E-08	1.20E-04	2.90E-05	6.70E-05	6.49E-04	2.45E-04	1.04E-04	2.21E-03	3.85E-04	8.91E-05	1.71E-04	9.24E-03	1.31E-04	3.29E-03	2.74E-04	2.36E-02
BoChr[12]	5.94E-08	1.09E-04	8.15E-04	5.65E-04	1.43E-04	7.48E-05	5.66E-04	3.16E-03	3.95E-05	8.83E-04	5.60E-03	4.03E-03	5.60E-03	6.81E-03	1.00E-02	1.91E-02	1.71E-02	5.57E-03	1.31E-02	8.75E-03
BoChr[13]	4.49E-07	2.08E-04	3.19E-04	3.32E-04	3.12E-04	3.35E-04	6.38E-04	2.64E-06	4.38E-04	1.61E-04	2.96E-03	2.85E-04	2.63E-04	6.67E-03	6.50E-03	1.03E-03	2.45E-03	1.05E-04	4.45E-03	3.32E-03
BoChr[14]	1.41E-05	2.48E-04	4.61E-04	4.27E-04	3.48E-04	4.39E-04	2.91E-04	1.18E-04	5.73E-04	2.21E-04	2.11E-03	3.93E-06	4.90E-03	2.92E-03	8.50E-03	2.32E-03	1.52E-04	1.26E-04	3.24E-03	2.82E-03
BoChr[15]	1.32E-08	1.17E-04	3.60E-04	2.73E-04	1.66E-04	3.53E-04	1.41E-04	6.08E-05	4.48E-04	1.80E-04	1.02E-03	3.78E-04	3.25E-03	2.44E-03	5.68E-03	2.00E-03	1.10E-03	0.00E+00	2.95E-03	1.80E-03
BoChr[16]	6.33E-09	2.33E-04	3.25E-04	3.52E-04	2.70E-04	2.48E-04	1.42E-04	7.44E-05	3.69E-04	3.19E-04	1.45E-03	5.56E-05	1.86E-03	8.52E-04	2.15E-03	6.13E-05	2.70E-04	2.88E-05	1.32E-03	9.77E-04
BoChr[17]	9.72E-07	1.36E-06	7.29E-09	2.18E-04	1.85E-04	5.46E-07	1.84E-05	2.21E-04	3.31E-04	1.11E-08	4.46E-05	3.77E-05	3.45E-07	1.32E-08	9.94E-05	8.10E-03	2.30E-09	7.74E-03	2.44E-02	1.13E-02
BoChr[18]	3.02E-06	1.15E-04	5.06E-04	2.63E-04	3.66E-04	7.21E-04	3.88E-04	6.69E-05	2.79E-04	8.98E-05	1.02E-03	2.22E-04	2.04E-03	4.74E-03	1.17E-02	3.19E-03	5.31E-03	1.82E-10	2.90E-03	3.14E-05
BoChr[19]	2.13E-07	1.33E-04	1.86E-05	2.33E-04	1.93E-04	9.53E-04	3.05E-05	1.80E-04	1.41E-04	1.85E-10	2.79E-03	1.20E-04	2.48E-03	5.59E-03	1.16E-02	3.74E-03	5.55E-03	1.44E-05	6.94E-03	5.47E-03
BoChr[20]	3.91E-09	1.25E-04	2.30E-04	3.16E-04	1.17E-04	5.48E-04	5.82E-05	3.12E-04	1.38E-04	7.74E-05	3.57E-03	1.63E-05	1.98E-03	5.89E-03	8.17E-03	3.17E-05	4.88E-03	2.82E-09	5.40E-03	5.09E-03
BoChr[21]	5.54E-06	5.75E-05	2.50E-04	8.41E-05	2.06E-04	2.58E-04	4.69E-04	1.33E-04	1.90E-04	4.73E-05	9.31E-04	6.12E-04	1.20E-03	2.63E-03	5.12E-03	1.72E-03	1.70E-03	5.50E-04	1.07E-03	1.55E-03
BoChr[22]	9.28E-06	1.03E-04	1.05E-04	2.17E-04	2.41E-04	2.94E-04	1.72E-04	2.22E-05	1.59E-04	9.25E-05	1.03E-03	9.27E-05	1.88E-03	7.31E-04	5.37E-03	2.43E-04	7.57E-04	3.17E-10	2.18E-03	3.01E-04
BoChr[23]	3.69E-05	4.95E-05	6.89E-04	3.38E-04	6.57E-05	2.06E-04	8.49E-04	2.44E-04	7.18E-04	6.94E-05	1.66E-03	1.39E-03	1.86E-03	5.30E-03	6.84E-03	9.56E-04	8.33E-03	1.05E-03	3.04E-03	5.74E-04
