NMF_Replicate	L1	L1 %	L2	L2 %	KL Divergence	Correlation	Convergence Iterations
1	183.392	16.364	36.736	9.623	0.064	0.993	80000.0
2	181.153	16.196	36.969	9.689	0.063	0.993	70000.0
3	187.915	16.765	38.485	10.082	0.064	0.992	90000.0
4	180.264	16.131	37.081	9.675	0.064	0.993	70000.0
5	184.39	16.675	37.849	9.958	0.064	0.993	60000.0
6	178.147	15.918	36.413	9.533	0.063	0.993	70000.0
7	182.024	16.235	37.318	9.758	0.063	0.993	80000.0
8	185.826	16.558	37.508	9.797	0.063	0.993	130000.0
9	183.294	16.264	37.473	9.751	0.064	0.993	80000.0
10	187.919	16.637	37.909	9.912	0.063	0.992	110000.0
11	183.162	16.359	36.96	9.674	0.065	0.993	160000.0
12	182.706	16.187	36.999	9.649	0.063	0.993	80000.0
13	186.939	16.561	37.544	9.779	0.063	0.993	90000.0
14	184.269	16.082	37.425	9.667	0.065	0.992	110000.0
15	187.035	16.558	37.88	9.855	0.064	0.992	120000.0
16	192.196	17.2	38.954	10.175	0.064	0.992	100000.0
17	186.887	16.597	38.259	9.968	0.064	0.992	90000.0
18	185.731	16.503	37.271	9.711	0.064	0.993	140000.0
19	182.088	16.321	36.827	9.66	0.064	0.993	90000.0
20	179.747	15.926	36.551	9.548	0.064	0.993	100000.0
21	186.889	16.701	37.449	9.809	0.063	0.993	60000.0
22	183.109	16.162	37.357	9.667	0.065	0.993	90000.0
23	187.712	16.878	37.923	9.928	0.064	0.993	60000.0
24	183.125	16.323	37.03	9.686	0.064	0.993	90000.0
25	187.307	16.552	37.581	9.808	0.064	0.992	110000.0
26	185.799	16.533	37.697	9.87	0.064	0.993	80000.0
27	190.607	16.86	38.805	10.09	0.064	0.992	90000.0
28	183.241	16.271	37.21	9.699	0.064	0.993	100000.0
29	190.728	17.113	38.816	10.18	0.064	0.992	60000.0
30	189.304	16.966	38.264	9.997	0.063	0.992	100000.0
31	191.825	17.106	38.654	10.076	0.063	0.992	120000.0
32	187.097	16.608	38.03	9.93	0.064	0.992	100000.0
33	183.966	16.322	37.816	9.853	0.063	0.993	80000.0
34	186.174	16.449	37.325	9.719	0.064	0.993	90000.0
35	183.798	16.378	37.284	9.757	0.064	0.993	70000.0
36	190.543	16.809	38.782	10.042	0.064	0.992	70000.0
37	181.292	16.121	36.264	9.501	0.064	0.993	70000.0
38	192.559	17.27	38.727	10.153	0.065	0.992	100000.0
39	184.264	16.425	37.373	9.76	0.064	0.993	110000.0
40	185.602	16.449	37.498	9.785	0.064	0.993	70000.0
41	186.034	16.644	37.149	9.748	0.064	0.993	80000.0
42	186.628	16.544	37.361	9.741	0.064	0.993	80000.0
43	183.764	16.31	37.175	9.707	0.064	0.993	80000.0
44	182.314	16.208	36.571	9.562	0.064	0.993	160000.0
45	184.813	16.353	37.159	9.699	0.064	0.993	70000.0
46	190.961	16.723	38.062	9.876	0.066	0.992	100000.0
47	186.21	16.61	37.95	9.91	0.064	0.992	50000.0
48	189.917	17.015	38.311	10.054	0.063	0.992	60000.0
49	186.991	16.679	37.926	9.933	0.064	0.992	190000.0
50	187.296	16.903	37.998	10.011	0.063	0.993	90000.0
51	189.526	16.748	38.449	9.98	0.064	0.992	100000.0
52	182.762	16.154	37.209	9.691	0.065	0.993	100000.0
53	187.566	16.561	37.989	9.893	0.064	0.992	120000.0
54	191.351	16.964	38.636	10.072	0.063	0.992	80000.0
55	184.399	16.347	37.719	9.806	0.063	0.993	70000.0
56	185.26	16.396	37.38	9.752	0.063	0.993	90000.0
57	184.18	16.392	37.094	9.695	0.064	0.993	70000.0
58	191.172	16.898	38.707	10.079	0.065	0.992	80000.0
59	179.871	15.886	36.521	9.502	0.064	0.993	110000.0
60	176.821	15.649	35.943	9.409	0.064	0.993	60000.0
61	190.359	17.077	38.983	10.225	0.063	0.992	60000.0
62	184.35	16.405	37.608	9.825	0.063	0.993	70000.0
63	183.564	16.332	37.384	9.742	0.063	0.993	140000.0
64	185.864	16.776	37.471	9.829	0.065	0.993	80000.0
65	187.035	16.56	37.992	9.908	0.064	0.992	60000.0
66	188.497	16.675	38.166	9.921	0.064	0.992	80000.0
67	184.697	16.466	37.286	9.773	0.064	0.993	120000.0
68	185.76	16.434	37.824	9.848	0.063	0.992	60000.0
69	173.396	15.42	35.017	9.196	0.064	0.993	80000.0
70	187.844	16.655	37.878	9.887	0.064	0.992	120000.0
71	188.425	16.66	38.026	9.905	0.064	0.992	90000.0
72	181.934	16.039	37.376	9.716	0.064	0.993	110000.0
73	190.411	17.111	38.912	10.197	0.063	0.992	80000.0
74	181.652	16.141	36.935	9.655	0.063	0.993	100000.0
75	189.359	16.879	38.552	10.034	0.064	0.992	100000.0
76	183.07	16.186	36.923	9.648	0.063	0.993	110000.0
77	186.047	16.49	37.373	9.736	0.064	0.993	140000.0
78	177.892	15.907	36.336	9.514	0.064	0.993	90000.0
79	190.921	17.192	39.236	10.275	0.064	0.992	90000.0
80	176.849	15.651	35.879	9.371	0.064	0.993	80000.0
81	178.893	15.812	36.539	9.54	0.064	0.993	90000.0
82	187.503	16.596	37.424	9.772	0.064	0.993	120000.0
83	181.67	16.144	36.55	9.555	0.064	0.993	100000.0
84	181.854	15.963	36.841	9.584	0.063	0.993	90000.0
85	178.563	15.842	36.161	9.483	0.064	0.993	70000.0
86	190.893	17.132	38.352	10.062	0.064	0.992	60000.0
87	192.733	17.225	39.594	10.314	0.064	0.992	90000.0
88	184.411	16.304	37.707	9.781	0.064	0.992	50000.0
89	181.617	16.044	36.495	9.515	0.063	0.993	80000.0
90	182.509	16.254	36.675	9.584	0.064	0.993	70000.0
91	187.288	16.63	37.854	9.885	0.063	0.992	70000.0
92	185.664	16.449	37.619	9.785	0.063	0.993	110000.0
93	178.531	15.847	36.409	9.531	0.064	0.993	70000.0
94	182.916	16.337	37.064	9.722	0.063	0.993	140000.0
95	181.624	16.155	36.86	9.626	0.063	0.993	100000.0
96	172.758	15.301	35.0	9.142	0.064	0.993	150000.0
97	186.663	16.694	38.345	10.069	0.064	0.992	80000.0
98	189.605	16.975	38.656	10.115	0.063	0.992	150000.0
99	188.09	16.688	38.03	9.932	0.064	0.992	130000.0
100	184.307	16.433	36.915	9.679	0.064	0.993	150000.0
