MutationType	SBS80A	SBS80B	SBS80C	SBS80D	SBS80E	SBS80F	SBS80G	SBS80H	SBS80I	SBS80J	SBS80K	SBS80L	SBS80M	SBS80N	SBS80O	SBS80P	SBS80Q	SBS80R	SBS80S	SBS80T	SBS80U	SBS80V	SBS80W	SBS80X	SBS80Y
BP10MB[0]	0.746133873462677	0.6980369055271148	0.416786662787199	0.0027384015296120306	0.025466854032711126	0.0005581550530983167	0.2988045648166008	0.054705433691851796	0.017276368397034295	0.05636855737139003	0.033690236322581765	0.03458950134450518	0.005206500955108137	0.01678356014886887	0.003978345696524694	0.015776219396299567	0.00832149020311646	0.07612421889868735	0.02033909578158303	0.005103620685125611	0.010153102898238467	0.0133027193211527	0.006850191272097747	0.049004905038590035	0.08262149041052907
BP10MB[1]	0.0	0.033884619034361095	0.0035454735994335353	0.0001210389869811479	0.04739754401962273	0.0026438849343321637	0.12600106023717672	0.005228383778594434	0.0020811487214064074	0.0022470291399258715	0.0009524185059854063	9.783150883322378e-06	0.0038002506550401448	0.012849021242536935	0.0027735333065453294	0.003721493474379027	0.0005195091068544401	0.0027180561091211075	0.0015108507729931786	0.001638675280090709	0.002033855875943118	0.0013349701354491118	0.0008773656478654276	0.0008018891525025806	0.0008194829209242018
BP10MB[2]	0.0	0.009901678493279178	0.12114482078701258	0.0022064562424937194	0.043742222842993214	0.001650262607232813	0.011889038382728359	0.05551691152853891	1.0558892972767353e-05	0.04099298177032324	1.401298464324817e-47	0.0017803355725482105	0.007396156806957064	0.009848660033244423	0.0014493431258051715	0.0012127859657630323	0.01012396226078124	0.001064074393507389	0.001671698483205546	0.01287469129267265	0.00011396448477171361	0.005593875398171804	0.002900702098850161	0.002015998008691895	0.0010691908940960815
BP10MB[3]	5.2645812775864445e-09	7.814271450570231e-05	0.0011724117596224914	0.0014702383401709084	0.033307842845097184	0.0022233335443888895	0.009441218686824869	0.008127376456686762	0.0006734453624042658	0.00316209597798661	0.0002941132019248164	7.866874296184715e-05	0.0054602305407297535	0.00242881721320515	0.0008214453195250826	0.0030347592772031005	0.0015838188201996672	0.00014982243799664728	0.0034359917736401257	0.0023118336662082584	0.0005268972626527101	0.004134440758098208	0.0014749409036721771	0.00036852476256044096	0.004313965172501071
BP10MB[4]	4.8126749119248305e-09	0.0	0.006926132498192601	0.00859799448200647	0.019502821285277604	0.0013152464886604775	0.001146694347448829	0.015361313805915416	0.0004226871062803639	0.015203504440614779	4.8593812971375885e-06	0.0005486471636694678	0.004853636105797747	0.002405295035834101	0.002602272732814661	0.0004795173174352385	0.0013607425838272037	8.407790785948902e-47	0.0021170268213333543	0.005748802619233687	0.0002489858332910444	0.0021954207186725312	0.0014345763370147324	0.0006761919379687242	0.0006554449913551252
BP10MB[5]	2.2634522336417717e-08	0.0	7.17698772702983e-25	0.00399031955661485	0.009767897399142385	0.002117369182960829	0.00017933249870111468	0.0036498084588674827	0.0003440659653028888	0.0006218320155039692	0.0011871739030539174	7.878565586594277e-08	0.002376006985509136	0.0004161756254779903	0.00017514363905446527	0.0016393980099304172	0.00011015347090960859	0.001538459075991766	0.0011965146904452276	0.0008298190512716119	0.00021144165376853154	0.0008014480027662666	0.00020706257171696052	0.0006031849537500556	0.0012797515654742453
BP10MB[>5]	2.423644683613446e-08	0.0	2.802596928649634e-47	0.03070550532080233	0.0029001256740593816	0.008788284654982874	7.324193720705807e-06	0.0014487485793415545	0.0007511147531251794	0.0005496488055323212	0.016193707867059856	0.00011041536173564737	0.005492978056419418	0.0013519310811534525	0.010892974229645915	0.002506466646533738	0.0003286265837959945	0.0005577229584547894	4.367244153399952e-05	9.177859174087643e-05	0.0	3.1266670703189447e-07	0.000367826281581074	0.00019551255675651191	0.00017151882172356637
BPArm[0]	0.11087789461016655	0.04623487439006567	0.014830098731617909	0.00015274074940363404	0.0019920057998024277	6.658825419435744e-05	0.009520660100388342	0.0027933572216134197	0.001966167796927798	0.005245989934774115	0.0011332218871393707	0.001605666080767789	0.0004711164526126587	0.0008739029440216438	0.00025081030527871915	0.0013054871021921158	0.001109126929447939	0.00389833860565777	0.002303425046775441	0.0023532382869221164	0.0021191632217345104	0.0011349124072895633	0.0013116130466646885	0.0003748956395429559	0.0003087634191615507
BPArm[1]	0.0004507439113224621	0.016731228287997054	0.000552346222102642	2.6440416278639135e-09	1.0268578863819045e-05	4.877987165308184e-09	0.019424895337358236	0.0	1.6198890584462332e-08	1.4557261707182078e-09	1.7488433359202916e-05	1.551685173240003e-08	2.445098701286952e-10	5.445361457375952e-05	5.163637172955759e-08	8.621721953261385e-08	4.5742663782559786e-23	0.0	1.4557715530827409e-08	2.659547931216366e-08	6.398743710889221e-08	5.69207713851938e-09	7.071198777133247e-06	2.619074820131573e-08	1.9401485218395463e-08
BPArm[2]	0.0004286016004955684	0.03646063664111722	0.017143540695967657	2.8559301025543604e-06	7.179672676329573e-06	2.4055536229639075e-10	0.00029139534410624904	0.00026784718101424687	0.00016066893456230248	0.00029536186910448234	2.6900878866342737e-06	6.095424076058009e-05	1.2571231503661907e-05	9.41249478358941e-11	6.571618136490543e-06	4.952881739793469e-05	0.000726457618744547	6.415942993086788e-05	8.249620617633013e-06	7.006492321624086e-47	3.900814284918397e-09	0.0	7.917325269559682e-05	3.92460673836581e-06	2.369065654761471e-10
BPArm[3]	3.494609202014942e-08	0.004576241521379245	0.001964963943079283	5.368940539582922e-06	0.0008549264075206509	1.1677987004077295e-08	0.013720213340129704	0.00016292747601255543	1.1675328096316661e-07	0.0006787099826156151	1.8004106676121623e-05	7.357845697441689e-05	8.954464207011625e-06	0.0013185755431364043	0.00017487283473201386	4.0840717250816285e-05	2.1317735808921157e-05	0.00013314621421955052	5.2740970349987034e-05	2.753305423539132e-05	9.80908925027372e-47	1.0437010496389121e-05	5.659752728206513e-05	0.000235113293235137	5.7770672711683346e-05
BPArm[4]	1.5833566102685383e-08	0.003915402386017188	0.01725799027713947	0.0	0.0003123582887928933	0.0	0.003050616758787328	0.001261181643640157	6.083454485533935e-05	0.0015061781916392647	0.00046941218452853926	0.0001456362933348032	2.7985231099592056e-05	9.209617180005126e-05	4.9783127615228295e-05	1.863219658844173e-06	0.00013195136561989785	0.00010635498331594117	2.0694774866569788e-06	7.006492321624086e-47	0.00014664907779661008	0.00011632248055406081	4.8850927269086244e-05	7.270790987689679e-05	0.0002735055539038456
BPArm[5]	3.714849626135219e-08	0.0006211252175853587	0.002666714064544067	0.0	0.0023093034748410445	1.4708141679875553e-06	0.006870783829763241	0.00046633807092518966	5.957643093069009e-05	0.0006636982842155704	4.902023984715953e-05	2.0913258642174526e-05	0.00011859357962521245	0.0015143156750127673	0.00020600184431252	7.416303747902475e-05	2.0417998894117952e-06	0.00029192827300892786	9.1689264233068e-05	0.00017190889565426914	1.401298464324817e-47	0.00032409194896651175	1.3797798227415114e-05	0.001028266939392812	0.0004180196363902048
BPArm[6]	3.873075895555189e-09	0.00020580577582283378	0.009587236305233091	4.5268579509922804e-05	0.000987704693366034	4.3648701128233826e-05	0.0016503139837800518	0.002801190568552556	0.00018430477738759165	0.0026730942294352646	9.52192028034915e-05	0.00010411499367734223	7.857929340389091e-05	0.00014140951408315062	0.00021376937984314283	0.00011922407349814535	5.7177945327566706e-05	0.00014846336283540042	0.0008106010416543086	0.00010582264101344663	0.00012031095653242119	0.0002797372377705717	0.0006718963030652958	0.0003682868255360461	0.001430953909710979
BPArm[7]	3.3797563876447615e-08	8.715468982700258e-05	0.001790453639696352	0.0	0.0030654962055632496	0.0001009217080900271	0.0029351775908133247	0.0009741881387708418	5.875450442545116e-06	0.00031962560402689635	2.1086063991138104e-05	1.6489906903984775e-05	0.0001621289508133472	0.0008740518514696305	0.00013821830066973573	0.00017398256656957046	6.112237170782464e-05	9.90628183890152e-05	0.00014942779771672576	0.0009062192624151067	9.601850991941281e-05	0.0017907283724827039	3.161638426899316e-05	0.0004121438813967959	0.0019233397348580184
BPArm[8]	2.1026549050784382e-08	8.285240619443357e-07	0.004987770941806957	5.391921189584536e-05	0.00206353591845982	6.800345932788332e-05	0.0005437195359263569	0.002400002852155012	0.00021193247785484816	0.0021062111883225045	1.0956278129015118e-06	5.93120605649311e-05	0.00015169209006671736	0.00014289614187873667	0.00011402272024125803	5.0066959836279066e-05	9.295017313831977e-05	0.0006410022203385779	0.0002704519174727693	0.00038209858060781696	0.0004078351299165206	0.00011398175307476777	0.00015165664615643948	0.00019589315700613952	0.0009341044483804129
BPArm[9]	2.2333898433979373e-08	2.146695903775253e-06	0.0008177282803444541	3.3733668369677614e-05	0.002445875664125197	4.340933623097953e-05	0.0010167626047041267	0.0014035697550389158	2.129078060363554e-05	0.0006707002539033624	1.7025233319145628e-07	8.886325645889314e-06	0.0003924884081133939	0.0005572081435438459	0.00017076558456036395	8.897521007199316e-05	0.00033290646886598553	7.953262410865137e-05	0.0003513003572021489	0.0009171889294668744	0.00023546049298118989	0.00036575857218281273	4.012380726635456e-05	7.840636068209505e-05	0.002559273855520132
BPArm[10]	2.845451812172328e-08	0.0	0.0022803546785144136	0.00021992312593994257	0.0019905258205835706	1.9815433718167185e-05	0.0005599886557320133	0.002412766508641653	4.504635844568838e-05	0.0017550902020224157	0.0	2.7877329004046226e-05	0.00010630315925177935	0.00028080346524110924	0.00017518650743536757	3.314181773561133e-05	5.511478870175779e-05	5.9737969350663886e-05	0.0002699949960833692	0.0004438961789879933	8.903002537607562e-05	0.0005551848722643626	0.00012930591064161945	0.0003338812997033358	0.00012724892418646049
BPArm[>10 & <=20]	1.8362540603612006e-08	0.0	0.0009667657301179134	0.0028292033951231588	0.015034984741359949	0.0010680207925906871	0.0010184672602918	0.009126030992338201	0.00022255890991573323	0.005069764080853929	2.814337696392499e-05	7.736746234613179e-05	0.0028072307488334045	0.0007435040836924145	0.001552221102041802	0.0005290325577260546	0.00016244885486230487	0.0003197486685922968	0.0002543369884426738	0.0021057401175653646	1.879344767075963e-05	0.0018848085423789484	0.0005154166481634092	0.0003357311939498686	0.0006637848563505248
BPArm[>20 & <=30]	3.1285519401791364e-08	0.0	7.51876411959529e-05	0.0027345142153353662	0.0022981625283136965	0.0015879371066901625	2.5076812016777695e-06	0.0010965400146392312	1.6455681284810452e-06	0.00019310353651462718	0.0006612197003117615	5.542346769971118e-08	0.0009918845168067493	0.0003583494998201786	0.00010643848208275131	0.0005320796857088794	8.818978991712357e-05	1.737172304800083e-05	0.0003106870687349783	0.0003344275784846218	3.9445422999051514e-08	0.0007565448708378698	8.835382618755716e-05	6.950132956262678e-05	4.124668148961064e-05
BPArm[>30]	6.49225856497182e-08	0.0	0.0	0.003786265672533773	0.0001798052352387458	0.0011301233827759915	0.0	0.0	2.975824298041552e-06	4.203895392974451e-47	0.003042127881781198	5.010280005990353e-08	0.00018614489726246575	9.302735925302841e-05	0.0008441444303090683	0.00033226539469367823	6.750430329702795e-05	5.482311712512455e-07	1.4658154441349325e-08	0.0	0.0	0.0	2.394362034152664e-05	1.401298464324817e-47	1.7153171356767415e-05
CN[0]	3.977474026264361e-06	1.4139991975525844e-07	7.903471779258098e-09	2.1779714920455716e-09	1.3441584680862206e-08	1.401298464324817e-47	0.00242188189782655	0.004860471012247154	0.0021674317265660647	0.13577418354909107	8.825203599016618e-09	0.0037835540228380892	1.011567434261451e-09	2.3427469564296644e-09	2.583416526924509e-08	2.3673086318787284e-07	4.992981672558016e-09	8.261615853655257e-09	6.24459197263722e-08	0.0029859631948571776	0.0029760662234001602	2.2763182379037518e-08	0.008572818213576756	1.630760112885099e-06	4.079910143062193e-08
CN[1]	0.0006046430988264007	3.4970204161991136e-09	4.763865587168681e-05	0.0003348497091589664	0.0004897786607747201	8.407790785948902e-47	0.002013956104584267	0.013020600234878948	0.445843965113163	0.03966848281818625	2.802596928649634e-47	0.0025185683105893785	2.6400463067879553e-44	0.0008082978598683077	0.0018275403871334816	0.0007933075870779447	0.0004975201807209828	6.586363939163675e-05	0.0001283743275670446	0.002335872113413018	0.0008803366481002683	0.0018014995200419004	0.0020318988466169687	0.0006174106749889008	0.0004082726108717036
CN[2]	0.004659772239931125	0.00018762838095426562	0.02823410688756223	0.041090725877558916	0.010711988983622009	0.00012597361772306566	0.0021494471631019335	0.003071922515017058	0.22632580508262762	0.04098807756736365	0.0003836957232785742	0.7939738267660141	0.0033365483207557236	0.007719400103959333	0.010310805246000317	0.013104850249592504	0.00259471802226146	0.0014397307369606702	0.004454904896574476	0.004146542623977509	0.001610528706385766	0.0004371726140078065	0.0065959736591127225	0.0002202471543028655	0.0014557380156334928
CN[3]	2.88030653328164e-08	0.004611527764960215	0.00012369276024401188	0.06748194323194184	0.029361803754802622	0.0020873251376360715	0.03174623040789189	0.03323523859450305	0.0	0.0017513309273635969	0.0018225775402970642	0.00922897014109309	0.031612237050501334	0.37889290645718576	0.007945514963967074	0.0004618501854684338	0.06608169327688301	0.07923524732904298	0.015170935550202103	0.012241949850001219	0.06410160073657929	0.041048028788790936	0.02392610373291973	0.028879646999798822	0.06845539030475947
CN[4]	1.354174150758336e-08	0.0	9.988293641072232e-08	0.002517808431617823	0.0010047063725643567	0.145192964351736	4.725760327503315e-06	0.0067294102384340485	0.0	0.003887617117325487	0.0033165948537115697	1.5354041124737705e-07	0.2083510327498095	0.13761170037802486	0.0016022447284375963	0.004283060080298244	0.001062593607745086	0.009991907196343705	0.010626124474981645	0.009408976089997745	0.018076869597122	0.01162313328829029	0.009600779573350735	0.04158753810482949	0.02271946591967435
CN[>4 & <=8]	7.092503956140917e-08	4.092878338468614e-09	4.900982659705733e-09	1.1406937119318177e-08	4.823351144439022e-08	0.34191439613699914	7.956818043552971e-08	0.07461688335825216	0.0	0.0002793251885424297	0.043138497755379035	2.715074913339777e-08	0.008215447829316887	0.0014507773684973916	2.7437915679939805e-07	0.019729244506752636	1.5869298965684694e-05	6.549657307175815e-05	1.7727334608252932e-07	2.621692270565745e-07	2.0343849313437228e-05	1.8991583094951636e-06	1.0398204101514721e-05	1.8360473871581662e-06	7.82340191696955e-07
CN[>8]	1.2912814931542726e-07	7.368900689641577e-09	4.768313806025049e-09	1.516718666216832e-09	1.0665058169934128e-10	0.0021143124960462958	2.981060163165239e-09	3.967196763128733e-05	4.3850045550186676e-09	2.629446451685169e-09	0.22186487555503845	7.006492321624086e-47	5.114539428863196e-08	1.1476191552617365e-10	7.511727305065108e-08	0.0008483666392099965	1.8216880036222623e-46	2.7510192790458633e-09	2.2581686209832695e-09	8.812022175064271e-08	1.9459529383425434e-08	2.391425283576609e-08	2.1494794127008277e-05	2.6717627008565616e-08	8.407790785948902e-47
CNCP[0]	0.05215790197253227	0.00010247081309955775	2.7760639902396632e-08	0.0	3.476777692412725e-09	4.793549379655815e-10	2.4691915783954242e-05	0.00018123980038748045	2.802596928649634e-47	0.0013246967744923665	1.401298464324817e-47	1.857168274000287e-05	4.502786588034269e-11	1.401298464324817e-47	1.401298464324817e-47	1.7858630485534377e-09	4.386969294500887e-09	4.776319073585e-10	0.0	3.810079535469413e-05	3.6118512507528064e-05	1.401298464324817e-47	0.00011390766751873116	3.2664664217918473e-09	2.3031423879160684e-10
CNCP[1]	0.0	0.022718220941288524	0.08903309917077422	0.360371117182076	0.25697147332131864	0.018913451358675958	0.09249535735707014	0.0002553226426243782	0.1769007280925507	0.005375825043283839	8.407790785948902e-47	0.0029816373761968862	0.0014273273572325707	0.06293725452426034	0.3213627304509282	0.003299941103905439	0.005203495919704643	4.705617092216151e-19	0.0009510021994015006	0.0034691636486240897	0.003048721719533205	0.0008939682823007189	0.00944525508210063	0.002786896638572216	0.00585189314868785
CNCP[2]	1.3061613570730656e-08	4.589129147802851e-09	0.0019608676956913485	0.0005027057387269452	4.348799171586698e-06	0.09937233209139648	0.0006111288005772053	0.021345293540510214	3.981912399808607e-10	0.2819218129104252	0.0016460895095951856	8.387762238015739e-07	0.2580708323668148	0.008899760829142244	0.014666446183824587	0.013797157329940522	0.0005926295373785706	0.000956525939012165	0.001951630718822439	0.0033036603735098423	7.992167769808489e-05	5.71861288236164e-05	0.014128398894377748	0.0072333478095700345	6.574028040219563e-05
CNCP[3]	1.3354549555089079e-08	1.6817926962175989e-09	9.79811365482419e-07	4.5623799240956946e-06	0.00157908482352494	0.033161949305795135	0.0002378065479966196	0.12068296942813163	6.650175648843515e-06	0.003715309064422456	0.021127620818662648	0.00016685461739058383	0.007691956838163776	0.000999213551151783	0.0017683845827227884	0.013035245084476515	1.9998071708778046e-05	0.0002848103908422672	0.0003955803585952822	8.709799149187348e-05	6.76149964169781e-05	5.363283465612767e-05	0.013335194295524268	0.00019999255316804465	0.00018126212310107804
CNCP[4]	1.2762730301929538e-07	6.690941015574658e-08	8.081043034735558e-10	2.899649871324106e-08	1.8036940900856278e-08	0.01511142100323923	1.8581929619898638e-07	0.058228042144328356	1.01317944256607e-09	0.001310801513893125	0.03278191422112286	7.61543688298616e-05	0.0006334451732345769	2.2308088887257327e-09	5.002508298161956e-06	0.004378163725040025	4.203895392974451e-47	3.1790533682851674e-07	5.3892827054369264e-08	3.737952056326321e-08	6.249800557043292e-05	2.0566773244468095e-05	4.330651464130142e-05	3.2302134599149957e-06	6.643411338025373e-07
CNCP[>4 & <=8]	1.3400548034780968e-07	6.633493037477844e-08	1.2154822304211191e-08	0.0	8.005270046851365e-10	0.00039712702526069343	2.5030964696526326e-08	0.06089880865067244	1.207100375211212e-10	0.0011052525897748988	0.10108922630548477	3.878937633317036e-09	6.319793502575166e-05	2.254998520356821e-08	9.538833225519738e-09	0.0011327714252410458	9.145517196884612e-09	7.196366622719274e-08	3.722971086972393e-09	1.0757468658084691e-08	4.683366675806155e-08	2.709543181823211e-08	3.1089226126823634e-09	3.410286932847839e-08	2.2245082220706537e-09
CNCP[>8]	2.1380226105316425e-07	1.5756443405123833e-07	1.6219433346620349e-07	2.802596928649634e-47	0.0	0.0	2.553869356658467e-08	1.9486364952747692e-08	7.91482897364304e-07	2.0361561500759072e-08	0.10157782442867756	1.0667874077547332e-07	3.590798082161485e-10	1.3064950954433385e-08	1.1237895517268725e-07	3.906855218360761e-05	2.912589991410641e-09	0.0	4.874635806118022e-09	8.284327890351051e-09	7.406157180867012e-09	4.862740752287209e-08	2.8353682435140205e-05	1.9218012816679675e-08	3.456173885751923e-08
OsCN[0]	0.027845431970487326	0.0009742831822793621	3.73975420370698e-05	0.010631819081655065	0.02992989219359044	0.0747357534385119	0.010580345196084149	0.0060703778453719505	0.002055229530815309	0.002581323272897862	0.1627560768648982	0.03850830801244735	0.014249210726295607	0.009803063035952712	0.00325015541981252	0.483873664556304	0.002484446195402883	0.018107232995213468	0.0026578045349176837	0.0037340955531269472	0.005199295289991428	0.011624286449879801	0.0018316523865649014	0.04846682830416366	0.02236572126932769
OsCN[1]	7.973608990994307e-06	0.015897024327132386	0.05281344743445516	0.007947156207519583	0.0258321494422853	0.03383852523518726	0.0043394917686237445	0.11337274372577667	1.298294373555109e-06	0.05344406070653349	0.01924512518569827	0.006051339868973855	0.027444237834927634	0.03780761800473613	0.031199535661144192	0.008674006629905069	0.01696747392412728	0.0006424517123378209	0.007623722464551223	0.026287833511870817	0.018117508480208926	0.0134910038022982	0.04051233421312645	0.010568438791963999	0.0057726833378046695
OsCN[2]	2.1820157303231725e-09	0.000656919099856168	4.590845047683978e-05	0.007966637011268176	0.011505661056144163	0.00904531080101151	0.010109080290621932	0.0001122768314962741	0.0006123462231926169	0.0009956623197649606	0.004312837353936629	0.00013685084974637718	0.005992495753139338	0.004914403859861523	0.008894840872380882	0.0031556707088724514	0.0019122518148083146	0.0037139192591092753	0.0023576970519167298	0.0014114364267015878	0.001156316672028197	0.002701400376015499	0.004153076786897145	0.004669542515476906	0.006470263259847968
OsCN[3]	1.937459467304947e-09	0.00017542245972435922	0.012184510457948362	0.008643275707509019	0.006767426420701668	0.0019877618385362437	0.0008216022081705887	0.0021717929193982854	0.0006918955304247199	0.013700586860068142	4.922137619360001e-05	0.00046709585660337894	0.005216752378455567	0.001536792692178366	0.013627414104994386	0.000325466267909178	0.0008346058126831259	0.00021763435564594146	0.0005631176902022825	0.0016544892346178875	0.0019875079119546515	0.00035017374106209706	0.002175138441502895	0.000513680168178432	0.001127369943794747
OsCN[4]	2.7764395299423113e-08	5.2336545215325715e-05	4.5295275922399016e-05	0.004704573725757655	0.0039279129123315215	0.0008582217977163964	0.00139978406165028	2.8774922247976066e-05	0.00119111711328582	9.295458454289474e-05	2.553655358497053e-06	5.5095368983870686e-05	0.0012349401437677444	0.0011257389316008926	0.0029242934720241465	0.0002219590308561692	0.0001551110414220602	0.0005827882595759524	0.0007148285567831189	0.000843177630304126	0.00014178968907799572	0.00027460319108740805	0.0005164272629564159	0.0003915169363244786	0.0004286339980874354
OsCN[>4 & <=10]	9.378884099353613e-09	0.0	0.0018997767926181885	0.014147543179569766	0.00534501216768831	0.00017006275200401433	0.00012156956363469362	3.939052985515445e-06	0.005219580609858668	0.003959552370727124	0.0	6.518139658904687e-05	0.0014845249758698741	0.0010302914727538237	0.007688134821364656	0.0	9.422055911272764e-05	1.401298464324817e-47	2.304528550212126e-09	5.408418364822864e-05	0.00019989736378192902	5.022272375754255e-09	0.0013248500173403954	1.401298464324817e-47	0.000113918115166598
OsCN[>10]	4.367723670739565e-08	0.0	0.0	0.0036011850598151795	0.0002984182534591362	0.0	6.437627320110551e-11	0.0	0.002067260048393109	5.273353918937573e-06	0.0	2.6012840272926497e-08	6.3318701177283994e-06	0.00014497193057717796	0.0011394715651113073	4.1774011805273403e-10	4.664772655814886e-05	2.3030367356113856e-06	1.705513204797171e-07	3.283963305875659e-05	1.0896245376414981e-05	5.243152259026828e-09	0.00019740956415887468	1.954631301259724e-09	1.9665362779051065e-05
SS[<=2]	6.227427707727884e-08	8.67284324996831e-07	0.0	7.991209995225314e-05	5.421356036094949e-08	0.0016772053291788324	0.00013693115391037126	0.0013263793289661407	1.290002759901654e-06	0.0005116870405618101	0.0014422308333450929	0.0001251292384830549	0.00019856206737594917	0.0005251800138785256	0.004919976247056184	0.00020092752669462755	0.0001647961715934798	3.133525653993274e-05	0.0001222653288937181	0.00023449880180123728	0.000486564618677221	0.0001697635768954342	0.00020197769236801833	0.0008249844080694402	0.00035011985123809095
SS[>2 & <=3]	1.6513883604574176e-07	1.3106213456737237e-08	4.289374599298265e-44	5.294098671320136e-05	0.0	0.00036196469318154455	0.0009461673349142074	0.01833653713749289	3.970506696759912e-09	0.004754646334512973	0.002030147323748679	0.0011578736638997711	6.680101849454445e-09	0.004181455834284975	0.03278988461881182	2.004538975313608e-05	0.0007632072269916535	8.39011394418776e-06	0.0009977402538061141	0.0014911029280278855	2.907642567606672e-08	6.255422068967675e-05	0.0008138021673119056	0.001808520181701283	0.0005073523236064187
SS[>3 & <=4]	1.1993234736329405e-07	2.9387542577197223e-09	7.630852678630618e-09	0.00031830973968510534	7.046932625769387e-06	0.0006092820857156767	0.004111418435520022	0.06737591291813266	6.708929763831861e-05	0.019856450950362793	0.0005082712031541802	0.004846514463424683	1.8556200120656286e-06	0.017871501452181745	0.15630102541488897	2.0691330519184702e-07	0.0032070587155243403	0.00019207879804184817	0.004046131555433447	0.0063336948179758676	6.696660921079456e-07	0.0008733826450020388	0.0034002860707096263	0.00686736447799376	1.544858375268632e-07
SS[>4 & <=5]	4.86898109205991e-09	1.401298464324817e-47	0.0035829968114757093	0.08283335061743856	5.457860570459161e-05	0.005491032719031636	0.00010183297844285817	0.002484279299951311	0.0019107006602001775	0.04887629378656211	0.052459219060838225	1.1679274881082335e-06	0.01355123242573427	0.005053476076532206	0.28966373071074486	0.0005514946154735867	0.010813706644061512	0.004425635938829024	3.2804912507344853e-07	0.004262964354154519	0.011317024007990579	0.020617263071094495	0.08767088416086154	0.007000878228772972	2.427689089756768e-09
SS[>5 & <=6]	4.488533297212355e-16	0.004595512234445777	0.004266570365330153	0.24107318088412286	0.021838225293904542	0.058964217096470255	0.0006821709879113769	0.005601417568352414	0.0517729566509981	0.02637217743205838	0.1154672934487462	0.00123032272439624	0.07992583931043655	0.008625043463870946	0.005578654101118446	0.02221287518924374	0.0021267508063465357	0.008489555779118429	0.002169593842887707	0.0001947140706294448	0.0017750481476332424	0.005202092732295114	0.007086524497717619	0.01764155536064738	0.017332561523835145
SS[>6 & <=7]	0.0	0.0006532091600820422	0.004154215268790722	0.0620675630904357	0.2621779927611351	0.03476894318126247	0.04042997495588109	0.1059464613441378	0.010416261705819494	0.05832800016971305	0.02813021536450833	0.0015077060461044622	0.06476882560367471	0.013247292834837837	0.0029255447536706922	0.026851990628056228	0.007894755071189275	0.011100977690220474	0.03429825850225999	0.008324179222416989	0.007529913950538691	0.010202330578127885	0.012064494098849536	0.01029796991544572	0.005759342256078525
SS[>7 & <=8]	0.01670527081936598	0.0652680080384016	0.15083364058285953	0.0015401009247167962	0.05560746700502932	0.004482557536359056	0.12107453836128115	0.04370961514933921	0.008022216076877831	0.04064745901436709	0.000557950727609663	0.028681186235516007	0.016052947151762413	0.022614162910645406	0.004348532958035703	0.008013415389716474	0.032641421046573665	0.023604814209247708	0.02785832132329233	0.05248449060683468	0.017257161604466272	0.029609762939508073	0.006247122400206247	0.009619442849361804	0.013010002532741587
SS[>8]	0.03705431969663096	0.018274011102039366	0.00027736554362146394	5.853352751383767e-09	2.9692554193161414e-10	3.1632216179744435e-10	0.0007224548484641957	0.0	4.764682870472825e-10	0.0	0.0	6.155536453888999e-09	1.8471277085652105e-09	4.876759174265999e-10	1.721098883855632e-08	0.0	9.352422267738802e-09	0.0	0.0	0.0	0.0	2.802596928649634e-47	5.328777706758991e-08	1.507135003464555e-08	1.0749463552173211e-07
NC50[<=2]	0.0014296912215650082	1.8370255129411818e-05	0.0	1.162017845575125e-06	0.0	9.578546269040089e-08	0.0	0.0	1.5096558325655707e-09	0.0	0.00010496949380589982	0.0	0.0	0.0	1.4461436655399673e-06	9.612883877707645e-07	6.867316556267156e-06	2.6435769541421904e-07	1.935102638981334e-06	0.0	2.0723769821984206e-07	7.493227830224215e-07	4.116724733144395e-05	2.1985244746502985e-05	0.0
NC50[3]	0.0005101187020773068	0.0007254520905019035	9.811458876356482e-06	3.970569717433037e-06	0.0	1.7623379910958192e-07	7.245818585016828e-05	0.0	1.3038551978136192e-05	0.0	7.042586984850275e-05	6.730156542289478e-08	0.0	1.2258110473339911e-08	8.407984010716519e-07	1.1348998923210729e-06	7.027690003269526e-09	6.1111784489753514e-06	2.6021962185041047e-09	9.855307489559096e-07	3.973699494963512e-06	2.740467453037354e-06	1.919777989570548e-05	0.0	2.119744760420872e-05
NC50[4]	7.552005841127141e-05	0.0015602220367873087	8.597711126938634e-05	2.7499859920183667e-05	0.0	0.0	8.218565322749782e-05	0.0	7.23201304651866e-05	0.0	2.4419894669245323e-05	5.901929689571262e-06	1.3084468082524836e-06	0.0	1.775649014234659e-05	1.8766252770205936e-05	1.65729018044658e-05	0.0005371717445768809	0.0	4.851744124607649e-06	9.392166120392177e-09	0.00012050384610120091	1.4548223407473416e-06	0.0	4.828834644285962e-06
NC50[5]	1.936433755012956e-05	0.0009061552569787068	0.0004983731782397171	1.6415982366879689e-06	1.401298464324817e-47	3.2345752903200075e-05	0.0003028916472175336	0.0	1.717187281258248e-10	1.1643335853932513e-05	0.0	3.4706291326074276e-05	1.4210033107469045e-05	5.380757551716187e-06	8.157732918334659e-06	4.659334021647865e-05	3.765279581138259e-05	0.0	0.00012120207831486595	2.421595172478419e-05	2.153836459001468e-05	1.1555562741705216e-05	3.185387067787815e-06	1.572489447426051e-05	2.3131983816711e-05
NC50[6]	1.2764596819856422e-05	9.522351110803128e-05	0.0008325161866378039	0.0	5.096848082757788e-05	3.3956637342491546e-05	0.0006146651862702868	9.203028521966417e-05	6.716539502349406e-10	7.215923005787772e-05	0.0	7.5736148619398595e-06	0.00012212378831780057	0.00040525400424222367	6.893194903767608e-11	6.204188818770718e-05	9.843948064371943e-06	0.0	4.3658503564074636e-05	8.898502646871976e-05	1.0103480365550866e-05	4.203895392974451e-47	3.7610774161294106e-05	0.0001175431128055493	0.00017445933339274689
NC50[7]	5.619093643325357e-06	5.8877927518041776e-06	0.00010258360909574548	1.1332714408140988e-06	0.00018343751546095354	2.8879401252197568e-05	0.00021335175279096674	0.00019018053141621748	7.981705228132796e-07	0.0003670546612671899	0.0	4.227159927410185e-05	0.0002768437739398044	0.0005909307838464883	0.0	0.00021999503537529109	3.837227704934776e-06	1.7090307835587738e-10	9.29801375605166e-06	0.0001745296847613531	8.965708257164807e-06	1.401298464324817e-47	5.8631201973184943e-05	0.00014658195024821907	4.869749300709714e-05
NC50[>7]	2.6620814674060965e-05	3.573738893205558e-06	9.270934838312428e-07	1.5969365927737122e-07	3.235191219479239e-05	2.0037807857420376e-10	7.024249929048487e-06	7.01286577958371e-05	2.918740615236448e-06	0.00016529581170289021	0.0	9.53337591652198e-06	8.533083019252486e-05	8.092594531380116e-05	0.0	0.00014819219958001284	0.0	2.0351679452801364e-10	1.541759647826879e-05	4.3519600466055406e-05	1.7424228787881192e-05	1.979279184993743e-10	1.549907495139724e-05	5.452470977077795e-05	6.57805060083838e-05
BoChr[1]	2.1452693052581574e-06	0.00018510561107512732	0.000736520510498151	5.797013189078423e-05	0.0033110423001485325	0.003871836767809284	2.5317430994586247e-05	0.0025641132537790588	0.00032380188557361625	0.0011863547367241072	0.00014092948348306148	4.387914011393911e-08	0.0007098245611191082	0.0008774688110420884	0.003772699763963785	3.939435691812855e-05	0.7328710102138575	0.000155988493450131	8.979308566324118e-05	0.0005596932220038166	2.2972801729679325e-05	0.0005171717353340828	0.0003472317187958055	0.000267703236201523	0.0001786707911342679
BoChr[2]	4.623758285156044e-06	8.194648941099558e-05	0.010301128445116632	0.0005351572993047886	0.013861147699379898	0.016932260356938685	0.009763695868427647	0.0008666721312986425	0.0020500767020435796	0.005460126819659468	5.156748583701187e-10	0.0001272310978697283	0.033779911330830574	0.021476775851419418	0.00017533911476806275	0.012989281757124865	0.010427346282308464	0.00016114431255601864	0.0028895343616296997	0.14736194390534194	0.01415796657288681	0.004694304466247559	0.012949930561644578	0.012328910569850108	0.016822946963368092
BoChr[3]	1.3020105460856967e-05	0.00025263107959474953	0.0009272563439681925	0.0015890477437534934	0.004764936846067932	0.01201838217310768	0.0010863197994796536	0.0008916492314222959	0.00379366961826519	0.0038861214071809337	2.1684163692166082e-05	0.00020959877233864223	0.003913009038808976	0.006099601029823749	0.0018310528376601634	0.0003430284018809382	4.063524464473229e-08	1.7553316673968312e-07	0.02428935407547192	0.3797911598905921	0.012182432245608901	0.00010653770345238511	0.000514129688833091	0.00067944287641998	0.0006941594399150297
BoChr[4]	2.669429923485289e-07	4.151839115458244e-05	0.0007683684586496043	0.0024620581741685932	0.0015922736879918184	0.0047275290835563765	0.005885785233638623	0.004575393109369008	0.0038173295158788305	0.012416212580304276	0.001097667130407236	0.005268932530739789	0.021227968462573167	0.017899765999453247	0.004387961064757242	0.004412652500877675	0.02159263147621326	0.004677592301122679	0.0630680397749617	0.025723368324604996	0.06954936129391566	0.0024894173313906964	0.027540844177466255	0.012861950802280581	0.009781759052106195
BoChr[5]	2.154776440381201e-06	0.00011532440460959136	0.00019943681256883393	0.0012325826762029676	0.002028829826545778	0.0008019809834802238	0.0003002286133832756	0.001291030136373103	0.0006343713827768926	0.007921348201615181	0.0014980593764575478	0.005734074107772039	0.004677429511603322	0.015305937870483378	0.01821053252656173	0.004649373569450681	0.008553054282545536	2.5821501720528773e-05	0.040088443690711816	0.0347412779844899	0.15735791112503122	0.00987908453572539	0.11077609150937029	0.0063710591971313036	0.024562491790803307
BoChr[6]	4.0239038890954595e-06	0.00014944891588268837	4.421699173892009e-05	0.0007774012334118652	0.001940120726517911	0.0006886452628740925	5.252544965472339e-05	0.001121205854367201	0.000522721009099351	0.0010738267998271834	0.0001860784366411774	1.2390037408003927e-05	0.0030722197232819705	0.005166974367701611	4.867730887833072e-05	0.0003318277131620854	0.007287875200945628	0.0002934375923244234	0.5387838735942109	0.0004441644691641412	1.077975338397317e-05	0.02784132095573185	5.019520099569519e-09	0.004192664631232756	0.0007312135572765132
BoChr[7]	2.003887268235971e-06	0.00012491127454588913	0.00024359337130867688	0.00047135166768033464	0.0004095397046312949	0.006022363749779816	0.00039677393331000844	0.0006969076697680472	0.0003859902660052672	0.002434075203348449	6.556191442028957e-05	4.407208765382835e-06	0.0002837784312136165	0.006127639704843212	0.001418437502813994	4.222841864859189e-05	0.00010729561567459711	0.0034226608612436056	0.008472277645671142	0.009836432395897201	0.4722570004872978	0.010421216896410002	0.00026229833102747876	0.004243908165021603	4.585708296858158e-06
BoChr[8]	7.015752737848935e-07	1.3880216824802006e-07	7.132717648854481e-06	1.1154506544796635e-07	0.001057475304174008	0.0003787805475181934	1.1695479216733417e-06	3.436081672741914e-05	9.885674283166267e-06	9.809193344420527e-06	8.01543752637703e-07	2.049102240075203e-08	0.00014236698234712546	1.2018817597234368e-05	1.0981261624652684e-06	1.41559006223e-06	3.003900884846906e-06	0.7075369256734848	6.434610951799788e-05	0.00024083203228341201	1.1193481049410356e-06	3.603304714030651e-06	2.32840070732826e-05	0.0006411540876344442	1.3048453818008008e-06
BoChr[9]	8.599453096766463e-08	0.0004340737746790424	0.0005196554697446487	0.002498859593219187	0.0006685163104435787	0.003282432833589852	0.025211157865919348	0.0032080302237535428	0.0020752863688072716	0.00863622838089526	5.493565427478586e-05	0.004337883416143029	0.0065610186983127506	0.015285638661390129	0.0009482909998394007	0.034938279002869305	0.0003901009813426093	6.261208722246892e-06	0.027862194578721074	0.035998069132668745	0.010295906920487994	0.014961042006019318	0.002118661050459032	0.019168450018437398	0.08303869055855216
BoChr[10]	7.750778729160857e-06	0.00026258351523040347	0.0038655231472422714	0.0011402167079307035	0.008546463420271697	0.00505429874236782	0.017697785520999786	0.008471438953346283	0.0051406923056627465	0.005535839993500105	1.401298464324817e-47	0.0003599480631863815	0.037563635709973085	0.012171946221982352	6.056902464479208e-05	0.02267965611923003	9.093709699165231e-05	0.0077169264068157875	0.027277348901093318	0.03952331022624096	0.008815779626581062	0.0029661481972516413	0.0008927175398218523	0.005942526796599168	0.005489228746016579
BoChr[11]	1.7116770755443157e-07	2.3161155675133215e-07	1.4290637980427512e-05	1.1448273400742927e-05	0.0006701283687287692	0.0006890760632407043	4.758428748585786e-07	0.00023543284186247949	1.696569636607137e-05	0.0015879979139456068	0.00013093909659105574	5.061685007878741e-08	2.8870369801457332e-05	1.9167926232516446e-06	1.0687047136812567e-05	2.689919154307365e-05	0.010838909527198327	0.003178779368869846	4.61557814261236e-07	0.000689633309136681	6.504489014184464e-06	0.6577074663287931	4.987610932816189e-06	0.0033204140972141446	5.0128200584744064e-05
BoChr[12]	1.8712042216795232e-06	2.528356120116034e-05	0.00012712975485857926	0.000564568352108209	0.0010124359067246401	0.0005671957609848176	0.0002418448464759493	2.5075094220722468e-05	0.0017965653977899216	0.0024740823636392297	0.017792830951188877	1.1459395627870697e-08	0.0033936149938841535	0.011271307038522202	0.0029681155718349573	5.053225075206462e-06	0.004923016371955349	2.074085466984922e-06	1.452810286533321e-05	1.00345357953845e-08	4.4657343728948116e-06	6.13042629608247e-08	0.5367816488305107	9.972420605552975e-07	2.920555271961334e-06
BoChr[13]	2.147820490971952e-06	0.0008880522711052663	0.00028899613850967397	0.0021982014587550226	0.0008228005172417241	0.0022606585380708566	0.012737260729100513	0.0050894716402044085	0.005845751565258368	0.0017992337829076633	5.665822785605457e-08	0.009185685593883051	0.013429729609708119	0.010758530398081447	0.00041579707409255206	0.022131499031203886	0.002376070602663134	0.00011391877706550701	0.028799067599470332	0.0322187487303745	0.014946982179201597	4.869011718255933e-09	0.006376984568215782	0.010794587968990754	0.007180990464096624
BoChr[14]	2.6292512097105814e-05	0.0015595826153944614	0.0009373300919610017	0.001069048025463151	0.0049042055866549104	0.002380556430820455	0.004569674105336006	0.005925685547397563	0.0010252389517978776	0.0014170480509568507	0.00038531045170449513	0.016448439325402263	0.02390887945657032	0.01344191256758294	8.791276923147961e-07	0.03788733669188787	0.0006904805016597139	0.0003381439819892762	0.01415063991216016	0.016694979600642982	0.011840045995195397	7.035403046756983e-05	0.004590662231203168	0.0195817088181321	0.027835893301962643
BoChr[15]	3.168566707345555e-08	0.0007291009368901769	0.0003806873058010156	0.0004346672736753376	0.00458760053806202	0.0032763100092088847	0.004244640561452632	0.007258655483019539	0.0009560328815132379	0.0010089752200395808	0.00015772126401770949	0.007883622832596303	0.01553617313892346	0.010247928173958627	0.0010302119201105243	0.024779950241199913	0.00016226409793983264	5.605193857299268e-47	0.004376545246745565	0.008215679355386528	0.009502312145195901	0.0012432770953919104	0.003642036470482708	0.01658541710439124	0.02414761542287124
BoChr[16]	1.7142200693975874e-06	0.002704099627821961	0.004320917711884249	0.0024504055777141657	0.0026590273948846744	0.006301137198395281	0.012165427842487203	0.004937185163653339	0.0006710282358139353	0.007803232301471894	0.00023617723151206027	0.0022713581938296557	0.0037367567555872936	0.022615747908312188	6.867770338431e-05	0.005132613032581545	9.10762045532465e-05	6.0099271358922124e-05	0.002285892094951123	0.003967318867786958	6.663774693151935e-05	0.0056889656423485205	0.006435938105960428	0.008502250954941283	0.013175885481614387
BoChr[17]	7.493161645077962e-07	6.1625953333077635e-06	4.0959771418158653e-07	2.4033697218620473e-05	3.586767321955848e-08	1.0051483297107469e-07	1.1527674906749302e-07	8.020390839936095e-05	1.0021649559916008e-05	2.943364902914381e-07	2.8791158621200304e-05	6.335680967840741e-08	2.8993289133377896e-05	7.480416130604727e-06	3.7819569449666785e-06	2.547530102118973e-05	0.003612575859630761	0.020418908041920404	5.304507186569622e-06	3.4807451860378737e-07	2.4618337656917564e-06	0.0438479060617509	7.571738447513318e-06	0.5503543425785756	0.0003810038947980395
BoChr[18]	1.0657577249784111e-06	0.0008056807849950345	1.418690158516256e-05	0.0005576263194429742	0.0017794728986415139	0.003121018423221784	0.013318384968225842	0.0007648110434097966	0.0004849606255543293	0.00066836398963801	0.0002057507999639068	0.0035422633911446583	0.006213373229766148	0.0096773286228931	0.0005158105858741102	0.0220129297175879	1.0507275007398675e-07	9.80908925027372e-47	0.022970056507669253	0.019951009614087526	0.024217179117866222	0.007375370759672133	0.0038642515292453172	0.0055984933181795786	0.10463756243015623
BoChr[19]	5.980616445500075e-07	0.00016682185531251558	7.587122615335674e-05	8.044019402171995e-05	6.531393007424668e-05	0.006619612956237555	0.00013742103120407024	1.9514583549096185e-09	6.875114409355288e-05	0.00011411847640609984	0.00031763567982852396	6.271011805303317e-07	7.172176885129388e-05	0.0033783965397726234	0.00025676191937860525	8.273247225574209e-06	0.011757245632502774	7.288431456586863e-07	0.009250011336540638	0.006010220494420508	0.00731162965928668	0.009080342856611879	5.7058751546748e-05	0.020192055791285385	0.21417346876816082
BoChr[20]	6.333610768849418e-08	0.0002564960520974591	0.0005079625263962484	0.0006459580462836812	0.0011311396733156799	0.006928752540668199	0.012337487512654994	0.0006159989618622852	4.626984467677175e-05	0.00044987438734249706	0.0012485677679815942	1.1364984145245671e-05	0.0027972184584491087	0.022522669915772155	4.203895392974451e-47	0.0020061307780853354	0.002557813148596324	4.497497576494425e-07	0.012335217466900588	0.02018522591241104	0.004016662431948781	0.009817777538584451	0.002560955668876872	0.013570282777634049	0.08086217093020735
BoChr[21]	1.6932421081508054e-05	0.0014436010601833792	4.073984458135665e-05	0.0006265019066631794	0.0007739650058476854	0.0023630842280545038	0.017899338670617056	0.0013655435432838204	0.0021145728187991607	0.00029802682241040655	0.0009294708988091055	0.0016359488572925329	0.007450236788174005	0.002503337680009281	0.004104377732688818	0.024091991373189927	1.6154420734437736e-09	0.00010261109915063571	0.0051944853768699775	0.011973456920924228	0.0033548403104941824	0.0016301286966570077	0.0017597322387155145	0.007720311090762339	0.03072755518014668
BoChr[22]	1.3605564431589111e-05	0.0014695785191289749	9.302836597953501e-05	0.0004058676718541256	0.0006868655557848058	0.0013239335822709886	0.012495125752142117	0.00038284130933631603	0.0003438179004385744	0.0008181717704428593	2.6790800494609356e-05	0.003923186585100211	0.002210850431878993	0.0027396358751109063	6.892968114698306e-05	0.022309313034147637	0.00016032422513550414	1.401298464324817e-47	0.004559269900531717	0.0030098692099227264	0.0004269701343764609	0.003416707439756692	0.0009066853710100986	0.011740906196380366	0.07596909971791324
BoChr[23]	0.0008863930275830611	7.804347409944794e-05	1.6939065623446935e-05	0.00252586764275037	0.003407351229623554	0.001486077622441222	0.012781820238122634	0.016335652401789923	0.008000115647755006	0.0008324420979342407	0.0017029879221502143	0.004041374099369683	0.01913135294715829	0.00839915674522743	0.008236841103489177	0.09795135479622133	4.2517594522450964e-07	7.296497252752943e-05	0.010703105663760653	0.020817513327517786	0.006927932804833681	0.00029471786692738535	0.004077555354695619	0.007606528181349858	0.007129350155591965
