MutationType	SBS80A	SBS80B	SBS80C	SBS80D	SBS80E	SBS80F	SBS80G	SBS80H	SBS80I	SBS80J	SBS80K	SBS80L	SBS80M	SBS80N	SBS80O	SBS80P	SBS80Q	SBS80R	SBS80S
BP10MB[0]	0.722375785112381	0.44576170533895493	0.0334257810770942	0.6246284341812134	0.0006257863099944862	0.0011470473579017885	0.015588435181877011	0.027786955209448932	0.06665952273074215	0.03510190972271061	0.03318685776072963	0.0010076573169930717	0.04281188366048922	0.12473574774508679	0.007365603146819338	0.08098688459376556	0.02234497819371465	0.04995208398577694	0.012187613881035075
BP10MB[1]	2.072142146062106e-05	0.001382424324039141	0.054211998754180965	0.07352044369094074	0.00019142547040246427	0.0018776694264585304	0.004426218968837931	0.0012783205963205547	0.0015226104292511444	0.002449276461420595	0.001662969351061504	0.0005569780728546902	0.0010248820082158648	0.06049732539464458	0.0012611741442247132	0.0021378562421159584	0.00309090514012496	0.0013733018426008842	0.0017819675259202316
BP10MB[2]	0.0	0.10289612278342247	0.04664740520063788	0.0021557993265362597	0.00541757925281999	0.0018724563915750168	6.522094772662968e-05	0.0	0.054229077792842875	0.03374133574136067	0.0148041585041301	0.0007567859689641648	0.011142005863366649	0.007925486697349698	0.009471992533676062	0.000473609262262471	0.00665245564057841	0.0033668257762790345	0.003925188914872706
BP10MB[3]	2.7776995104034087e-09	0.0006241291940602878	0.03126317632384598	0.0007876137550920248	0.0025274914776673542	0.003243932366094668	0.0026278736411659586	0.0005875047980226248	0.0035638935715542174	0.004030744775373023	0.0014259350482932831	0.00013729444544878787	0.0020374341775612893	0.009809537562891818	0.003048389311244468	0.0006925899715861305	0.005038479383786694	0.0023890506801626543	0.0011755286492234518
BP10MB[4]	2.720097433961399e-09	0.0030701345942378733	0.016843246147036552	0.0	0.011738578993827105	0.0013498944428702586	0.001222441239773282	9.618849106808056e-28	0.014514572992920876	0.013806506331311539	0.001558677844467553	0.0022630093028500387	0.0039132087709991305	0.0006652244560063992	0.0011785053843514958	1.1523941066116094e-05	0.0021049498053241685	0.0014300559898970278	0.0020541622155147367
BP10MB[5]	2.191904105885989e-08	0.0	0.007893742339219897	0.0	0.004471936431364156	0.0028523239096830367	0.0009682687145192403	0.001260758139542304	0.00195542774507885	0.001062912248501675	0.00033561744880898913	0.0001285638821108004	0.0006398527860842051	0.0007530903716951798	0.00045176662718893624	0.001486275690688217	0.0013450997588677182	0.0014180180752555317	0.00041426184112841895
BP10MB[>5]	2.106150109093541e-08	0.0	0.0004884534748271108	0.0	0.024445365583524108	0.010795997574459761	0.0019411320462583604	0.014949549296870828	0.0007629768174774653	0.002515341426633739	2.0416697952896357e-05	0.013873815007100347	0.00048321568449971873	0.00042219979339620296	0.0005650235125540348	0.0020974544167475027	0.0006616033964951385	0.0008067876562722631	0.0008255464321263162
BPArm[0]	0.10506223373115063	0.017389916314277797	0.0019138196056223045	0.03689069572836161	0.0002061648274660545	5.242444121467306e-05	0.0015671548954196623	0.001073850843386026	0.003316670403146418	0.0028159426644560927	0.0014148765822203674	0.00016555534741200973	0.0026068044817458068	0.0026009723779770867	0.0007390353590436723	0.0043291583868890595	0.0006963735058048883	0.0014223409377166567	0.0017203653330864438
BPArm[1]	0.0005818494264164187	3.1363578432319627e-06	0.000124197507832573	0.02514848724938929	1.799296514004567e-09	4.1096467118251214e-10	2.007124162872742e-08	2.7088402306700844e-05	0.0	0.0	1.8437450098076624e-05	1.697185976757609e-05	1.4758676244941426e-05	0.0041010162193344255	4.36075629416166e-06	1.2741131172333554e-09	1.7840002719538005e-08	1.401298464324817e-47	9.712144806401924e-06
BPArm[2]	0.0010816285009289572	0.023537233294919132	7.252839277498424e-06	0.024915436441369822	1.401298464324817e-47	2.7187845822895797e-06	0.00019802204816453728	2.4185618717496026e-05	0.000143542044533973	9.462276153842985e-05	6.375797170221631e-09	6.100883474573493e-06	0.00029961158463436276	9.983018656896547e-05	6.323915791028867e-10	0.00010240279388309403	0.0	4.004960044611039e-05	5.360364959727804e-06
BPArm[3]	2.2278907004791292e-08	0.0017132206237874925	0.0016153488883423606	0.00934438335727009	2.1003536909702802e-06	0.0	5.830365732322207e-06	1.406556346701393e-06	0.00030090126987488477	0.0004929950922684083	0.00010349962364173848	1.9538314256806187e-06	6.25556287864626e-05	0.005912156156316399	5.006760296236479e-05	9.478036109513255e-05	2.345187107948732e-05	0.0001157381018976622	0.0001312905369559303
BPArm[4]	9.066282311565033e-09	0.016388989277184008	0.0005111906689489842	0.003355190260335803	2.5755295937415212e-05	2.700504246604396e-06	1.771942552307948e-05	0.0003339887367656047	0.0018678544409340247	0.001608949187793769	0.00015465574404467387	4.5503244319888835e-06	0.0003754741240523929	0.001326381458435435	6.133129996896969e-06	0.00012464208220080763	0.00012759512226708124	8.141294971451885e-05	0.00022240944104851224
BPArm[5]	3.239078410377516e-08	0.0021125738800641613	0.0032241831810733857	0.0021504983864724637	0.0	1.1830652510980144e-07	3.8341963046543226e-05	3.383455487053766e-05	0.00039567962793489285	0.0007715002673671734	0.00022617086881037806	0.0	0.0001603885293896923	0.00421127967399002	3.3273202449792815e-05	0.0002989877233599714	0.00035819701937725765	0.0005457296739677986	0.00015673916922423814
BPArm[6]	3.7059734279448916e-09	0.007776764882728457	0.0013924701747100698	0.0002474060713689141	5.6637298821442525e-05	0.00010201548005625227	0.00019740454471516955	4.735943188279634e-05	0.0034657639754004776	0.0021040653603813606	0.00043696742819435033	0.00012496020026446785	0.000692962978804337	0.0013205070920376193	0.0002624678058657537	0.00017656135020114761	0.0004852563727463632	0.0004401815664368769	0.0003329474826796286
BPArm[7]	3.086640195881785e-08	0.0011316744494251907	0.003522103695122496	0.0005299421038944274	1.8724762921920045e-05	7.607052363076849e-05	2.3942611313998443e-06	2.6431741107919572e-05	0.0008062182438223431	0.0003639937993277631	0.00028363674817029507	1.0620174138109562e-06	0.0004272329174706258	0.0031815967744751104	0.00023317533383078625	7.268916495528188e-05	0.0014413263509612763	0.0005066285675183835	0.00034018533384816933
BPArm[8]	1.385543652476784e-08	0.0037148136546602474	0.002394654306117445	1.073145256668795e-05	0.0001204599593529565	8.189546386120128e-05	0.00024027685871782668	2.802596928649634e-47	0.002493965823523467	0.0016191053640795872	0.0002037523668752783	0.00010668534891726367	0.0005570832072192377	0.0005749075253982027	0.00011220607636197144	0.00040869360431685216	0.0001795437395441013	0.0002512841672790955	0.0002781935388497914
BPArm[9]	1.9928093204779616e-08	0.00036912297384333214	0.0026238637026108334	5.050989026585739e-05	0.00014096640570830353	8.932377690598514e-05	6.8275580504593e-05	2.961317277367925e-06	0.0012194649431921788	0.0007485328537469726	0.0005256675627879304	5.999505505315028e-05	0.00043922270579527023	0.0017637900173085796	0.00043137113664670323	0.00014163827778076681	0.0005222573856028134	0.0004052413909813042	0.0004907561151311768
BPArm[10]	1.914512398060175e-08	0.0013277527765603737	0.0021726648847106844	0.0	0.0004119831868166625	2.616218433104224e-05	0.0002162933958932278	5.376104309107177e-07	0.0025857928296318276	0.0012190041301096243	0.0002639250587895356	7.92406049388994e-05	0.00046471113918130415	0.00032670237170822134	4.9889524716491e-05	7.937704181150556e-05	0.00041378981103110525	0.0002885619041910575	0.00018949908304463747
BPArm[>10 & <=20]	9.972225442633765e-09	0.0	0.013609535256400705	0.0	0.004014603631449063	0.001077782331058188	0.0006538697204365462	6.683358010937556e-05	0.007507715096580796	0.00445835183490999	0.0006599268318468222	0.0016460978682516724	0.0013810103501269034	0.0005429884125322814	0.00026624684866874307	0.0005003779541084441	0.0022970923604844983	0.0007334898343287933	0.0004242063587605571
BPArm[>20 & <=30]	4.216805468137963e-08	0.0	0.0018409579136641695	0.0	0.0029072555055790874	0.0016617612719346652	3.9483246461600174e-05	0.0006721474043661146	0.0005656807008745091	0.0004280634798006044	0.00012196219584666324	0.0003859608998585507	5.068850042690087e-05	0.00011063937222957065	4.9188285120180806e-05	0.00010761655454589736	0.0008479798469397793	0.00017118729526430343	9.041781786095271e-05
BPArm[>30]	6.976250662482641e-08	8.138488283293554e-10	3.670262871310115e-05	0.0	0.0030788374110125006	0.0011328844866056898	7.239755834800299e-06	0.0028081968578044323	8.827968122204766e-07	2.5145028517954414e-05	1.8570377142168582e-06	0.0012368125752571046	2.7403925173530298e-08	2.8992221857038203e-05	8.67536394923718e-05	1.9505013005982618e-06	2.4250135036254507e-05	5.391660786244756e-06	3.8937539507344354e-05
CN[0]	2.4668192641819074e-06	0.00023726226802999405	1.4163058947112006e-05	4.215558342846037e-08	0.0	0.0	0.003467668563215218	2.0486782803530447e-08	0.010191211060743938	0.08739647980251647	2.086795575451106e-08	6.953064541903586e-09	0.0061978406858395375	0.0033559768036576544	0.0028024327754974363	2.0947539525195678e-09	7.632968959114805e-09	4.6365446877416616e-08	0.0020182177424430845
CN[1]	0.0012588577809398548	1.6251052531998917e-05	0.0010319359856489996	0.00011928643055374158	0.00027068851164252386	0.0	0.33321600884199143	0.0	0.02581594557093922	0.02539437473356159	7.890381821198388e-05	0.0017438868136883912	0.006560203999388285	0.0009053668481179281	0.0022838987572926773	0.0017698842194658936	0.0014124016174530852	0.0003900987005107481	0.0004331214292486075
CN[2]	0.02220212299359422	0.05527161822062401	0.011197243851580939	0.00017861336120404304	0.0690927219891455	0.0003132198374709416	0.2145596394687891	0.0016830609702536226	0.011402891599573589	0.08678387799054069	0.0020743518136441706	0.01719196645935243	0.4294263686053455	0.003697385952096506	0.0012752058140495508	2.5801045979142847e-16	0.0009544408829924726	0.0012137673635699378	0.008029031331100493
CN[3]	5.330270032577466e-08	0.0006687144190073013	0.04092962586786598	0.01736856075941205	0.11430981321580475	0.0001340625248849392	0.0	0.0018763226555893197	0.033517764685017035	0.0005419797822833061	0.17047579167296845	0.012041288626233788	0.014207468614488192	0.06968133499382312	0.06442964355810546	0.07253295569849762	0.043490092497535784	0.048782112966291605	0.07926822717445248
CN[4]	6.108512631830543e-10	0.0003576740995049477	0.0033452619274021347	0.00108933538749028	0.005015995066387404	0.11147558752229997	0.0	0.002097460571967531	0.009351341339107293	0.01871085982965774	0.23599526525475084	0.005165621875078657	0.009358588670707135	0.018081479431136974	0.014085897556002319	0.03251295197333604	0.02561769307931172	0.05002852226501887	0.0301061288975954
CN[>4 & <=8]	2.5090034523334025e-08	3.4166096156695855e-08	0.0022439079869312904	4.012270835573873e-09	4.307535732550605e-09	0.22868184961378574	0.0	0.057397984339635284	0.06005848195429493	0.0009769032991226822	0.024825499586395915	0.0008769560483671057	3.564664986299704e-07	0.0027015827888440037	0.0032266816082102425	6.209840149864476e-06	0.003621596034009125	0.001814826180775988	0.002627206448326647
CN[>8]	1.3869926015708245e-07	2.3845979413295026e-08	4.1841590479041455e-08	3.6781585910361514e-09	2.986265030813229e-09	0.003097029971239209	1.9279182694731388e-10	0.18545203506946564	2.5592194096979436e-07	2.67222576511017e-09	1.9671526160891517e-07	2.7590436970115207e-06	2.099833800173201e-08	6.266605745430809e-07	4.116430986332349e-08	5.062145377543459e-08	1.3574764540891237e-07	6.725817968344927e-08	5.9453372913660375e-05
CNCP[0]	0.047314275912940504	1.3905511760947675e-08	1.3602672765955504e-09	0.0002645194697704767	0.0	0.0	3.4280171234968294e-09	0.0	0.00039081471985213056	0.0003917725860927135	0.0	0.0	7.269055788448497e-05	3.516105469316244e-05	2.8939819894731045e-05	0.0	1.4553693006291723e-09	1.2954758155103717e-10	1.8401495181024076e-05
CNCP[1]	0.0	0.0710968280909583	0.19500973450019957	0.03000398279633373	0.3295526273548603	0.005955157894718293	0.21653878587298095	2.802596928649634e-47	0.00417020186316222	1.401298464324817e-47	0.01414033467638916	0.30034543611109255	0.025519433536094992	0.06816306604195113	0.020630852453543867	0.00939556167105975	0.014399102138217757	0.010985003436895235	0.03066191085625433
CNCP[2]	1.3501797802018e-08	0.0006893811374902725	0.0019281020589411925	7.998423976474101e-09	4.367959490934936e-05	0.14529785595873393	0.0	0.0028513702453346924	0.019665030445430602	0.3309736236929893	0.05614640369717904	0.009790818443226055	0.009713296724137645	0.0036850920961257927	0.0058716491152245	0.0060918998142447285	0.0064476138307116805	0.02984428207168275	0.014099150878582805
CNCP[3]	1.434504115160884e-08	2.1554932565948093e-07	0.005390808739330737	0.0	6.428501819755319e-10	0.03929636018991005	8.751233828263593e-08	0.027551888702437282	0.09533697037026286	0.001985331078349475	0.0010413931429431322	0.0004816181898945615	0.0010438023118370231	0.0016812647097697564	0.001019064180110263	0.0008749192251075816	0.002658615783495861	0.0010672351791683355	0.0014828411474047697
CNCP[4]	1.1178565189950973e-07	1.3790290509518854e-09	0.0002897955404938557	1.1461381323130127e-07	0.0	0.01668262901774142	1.401298464324817e-47	0.03249006077647209	0.045522354494896715	0.000654295367950013	0.00010308405304385814	2.6147582684643566e-05	0.0002512160098963268	0.0004963937861077738	0.00010743001874175207	1.37500866521248e-05	0.0006409105079015376	3.0168315430501024e-05	9.413128916063237e-05
CNCP[>4 & <=8]	1.1848684112081286e-07	5.738122670351231e-09	2.1718833204769083e-05	4.5122258853780294e-08	0.0	0.002460732136781303	0.0	0.09098089441657066	0.05014363422575116	0.00019624654015667264	2.802596928649634e-47	7.622451110300687e-09	0.00021858313630438887	0.00012138940059888803	4.489696848963831e-08	2.7367742525543817e-08	0.00012694067825123057	1.433907584669214e-08	2.9008493491744503e-08
CNCP[>8]	2.719510827375871e-07	2.6345322840626295e-07	5.022945659405309e-10	8.697187751982582e-08	5.321364782151505e-10	6.245067652344005e-08	1.138309545467564e-07	0.08578192241489888	1.6244667946058716e-07	3.97479101410525e-09	5.565728088186006e-08	1.4949668095010082e-05	1.344034825928597e-07	1.963043144481702e-08	5.686343698130258e-08	0.0	8.035290683494622e-08	4.128498844124806e-08	3.826208534150055e-05
OsCN[0]	0.044177184593863786	8.407790785948902e-47	0.05109778896934719	0.0010599809849233344	0.01458430887103951	0.1072009420953691	0.001786307135956129	0.1867777018994093	0.005256221740028195	0.008572644065716305	0.0035188780167023075	0.0022727131249848753	0.04889333320781856	0.06579948953352868	0.007070504476014046	0.035654926382776245	0.056558518863051604	0.05996843387372792	0.009629191603061152
OsCN[1]	6.551107485130104e-05	0.05287175019737333	0.027412242144346236	0.005391781407236499	0.013472151176538319	0.0360472354106605	0.00014375279657542707	0.02299414938315749	0.10813419051468372	0.04469827357679605	0.02567972610297147	0.017636396707966923	0.0206216475442855	0.012326195103964462	0.025384798978184336	0.0053724888743636266	0.02056427371018799	0.01807412985217525	0.029798463411750617
OsCN[2]	2.664497775750618e-09	0.00013423570548184215	0.011503351065330207	0.0026848343177698552	0.007129714461043477	0.008272924394113944	0.0010025988264995079	0.004183065291144885	7.814688142389059e-05	0.00301488651028194	0.001261576511108018	0.00906843287346419	0.001510953929627679	0.011065455745748772	0.0032302996573545556	0.0042249257917910425	0.003996191576191564	0.005203755027796433	0.0034010179653073936
OsCN[3]	2.3514427116566593e-09	0.009144697263836902	0.005498941950500011	5.221738247200847e-05	0.008487115686293692	0.0022985373675874143	0.0013107365767243812	1.7011239542625844e-05	0.003980313043120987	0.013516446285648272	0.0014524951819112175	0.012701391596347094	0.002466056290793256	0.0008141206609377871	0.0010519785392708416	0.0003437664192460943	0.0009124067115340082	0.0008474271474398166	0.0025169584366047104
OsCN[4]	2.247730299664852e-08	4.089376132469624e-05	0.0028582255862784223	0.00021906659807427787	0.004566483241505921	0.0009653252581281875	0.001854001877028395	2.4637900060042737e-06	3.538186805264663e-08	0.00044236348214326426	0.00041556251612746565	0.0029864956168694336	0.00035617153235870444	0.0014871571757751668	0.00028352621655254123	0.0006437008364457597	0.0003833842650283259	0.000410040942804244	0.00038264335393439097
OsCN[>4 & <=10]	1.35419649704982e-08	0.0005371976133028511	0.002036106463347096	3.088177322752017e-09	0.013388514034450055	0.00015292687657535	0.007135305373824536	0.0	5.6025048543233425e-05	0.005181440034939442	0.0005921985826761082	0.008027580338530243	0.0006589209606085334	0.00012568794307298958	0.0002886877441808456	9.240149383913376e-06	0.00011838811186865478	4.133622592917163e-05	0.0005951249175814155
OsCN[>10]	4.147497337569916e-08	1.9053039140999316e-05	3.190487007775467e-05	3.459266650907011e-10	0.0027991623152047395	4.999093583535341e-11	0.002488106965083148	1.0778846144487985e-06	0.0	1.8761923075567567e-05	2.5481732657346435e-05	0.000879668520766117	3.1340590363981843e-05	3.662874803467275e-10	7.436762824156062e-05	1.9346200080150313e-06	4.9991928972303865e-06	1.7544397269375621e-06	8.997254371411855e-05
SS[<=2]	8.126171373135094e-08	3.174265827965428e-09	1.373696723021567e-06	1.0617519064128195e-05	9.911754764686975e-05	0.0012950926288976916	4.9056768557420795e-06	0.0013385455938987433	0.002116860911628464	2.6538153470028192e-05	8.080524041474746e-05	0.0044364182384015296	0.00024340982680655542	0.00019325442814988492	5.904081123979027e-05	5.01003960591645e-05	0.00023681681801008381	0.0006614203783651179	0.0004100526544609027
SS[>2 & <=3]	1.1311303879324442e-07	2.9385432753770147e-08	0.0	3.7830375276826087e-10	0.00024076694912011476	0.00024192397025203167	2.6826241228405932e-11	0.002372263172143221	0.02918668291381266	6.930773537305868e-09	0.00010505094247946545	0.02314767261108969	0.0022202866064055015	2.5649927165716237e-05	0.00010271745394959453	1.6964485212156433e-06	0.0006770590559335688	0.0009404225610563799	8.833385172067665e-05
SS[>3 & <=4]	8.388688810923028e-08	1.401298464324817e-47	7.445787908011426e-08	1.401298464324817e-47	0.001423905424808254	8.097088543394192e-05	9.272515178428975e-06	0.0005339448559404048	0.10929245648457708	5.051333565404548e-06	0.0007805320354037804	0.12275082808542492	0.009234971593664057	2.0246479550678488e-08	0.0007737838051548352	0.0008241976020863717	0.0035194745915862313	0.002132558388083865	0.00031781444797388756
SS[>4 & <=5]	1.2831196993801086e-10	0.005676495008888145	9.625504724681378e-05	0.0	0.04306707913056016	0.003017988717494379	0.006572659667451699	0.05024900587275624	0.011495783012097811	0.051684778858616484	0.008930961673437992	0.2626997246593237	0.015522958673536778	0.005783449045020461	0.016514888665511217	0.008267523751586623	0.02512126771148928	0.008418040629170492	0.0452933933338511
SS[>5 & <=6]	4.6690968869000925e-11	0.0019060017194719278	0.0033591521927155556	0.0015037023743661847	0.18555473148822785	0.10092043109005316	0.08216520544439135	0.10726792592555284	0.00012308419914916157	0.05399387622252107	0.003801581597654371	0.011029695878215269	0.004765298487618566	0.009603384631543511	0.00577646842384	0.015268502983556243	0.008865682825092236	0.017155689856509282	0.010444540612825222
SS[>6 & <=7]	0.0	0.0005809631384909153	0.2271352641284466	0.002335950530152786	0.07280750704929272	0.051312442640773955	0.03181844194419682	0.029363909058861725	0.05801814084406942	0.06585567880421879	0.013894041729216995	3.757024690900415e-31	0.0150426285497349	0.03801868083942453	0.022839038589633834	0.01807970136919525	0.025709807901136097	0.03596987248340451	0.011468240149801905
SS[>7 & <=8]	0.01607506605796516	0.13415913596749307	0.06856539447791875	0.08721716934815049	0.002957953174234767	0.0034400288162374027	0.008746189288549432	0.0002578555965110765	0.04474732157808809	0.03453694761818042	0.026542947904381435	0.0047945175073705396	0.0360041686432556	0.06181744103360714	0.032566398117342035	0.018570267755046277	0.027254692996637013	0.012144255470241143	0.021187910398430203
SS[>8]	0.036351990699768064	0.0008256146992808234	0.0	0.013282746042447969	4.968917037828647e-09	1.826721218733951e-10	9.35826083292568e-10	0.0	0.0	3.0499148095941564e-10	1.121496410405598e-08	2.336383698953296e-08	1.220534873169754e-08	1.513880123482636e-07	7.568973590110773e-09	0.0	2.6758527837955625e-09	2.8365339019842394e-08	5.0244961968815e-09
NC50[<=2]	0.0013289467408321798	1.6888075333554298e-06	1.990904774373803e-11	0.0	8.334280623412127e-09	5.233647322322454e-07	2.31112722848259e-09	8.770972834479807e-05	0.0	0.0	1.8409370781569123e-06	2.9427075603205568e-06	3.4369466334549513e-06	3.3319262001896275e-07	1.0223878558122124e-05	5.8150140391851443e-08	3.3208107626059304e-06	1.6161695707026524e-05	3.5837389595627654e-06
NC50[3]	0.0005235420222743414	1.4516627356186973e-06	1.401298464324817e-47	0.0005287999106076313	8.349997400292076e-07	5.34595858425746e-07	2.944196753075001e-05	8.635513271052276e-05	0.0	0.0	4.623148925020359e-07	7.053198580280195e-06	2.998260675894926e-06	7.1002914103246436e-06	1.7425365058443275e-06	8.309816025953154e-06	6.414129470186936e-06	4.73700711154379e-06	1.0301417766171995e-05
NC50[4]	0.00010601240014530333	0.00019145174084769678	0.0	0.0012710130598861725	8.998670821256383e-06	1.5764724594191648e-06	0.00012778728017714513	1.970541644595869e-05	0.0	0.0	0.0	1.6507583550264825e-05	6.089546218390751e-09	5.1332915609236805e-06	5.453191533888457e-08	0.00044046518431358096	6.118293605027247e-05	9.075952402781695e-07	1.2698851378445398e-06
NC50[5]	1.7639646616647296e-05	0.0006074953750066925	1.419721315900624e-06	0.000892904672291479	1.258200694209677e-06	2.149830005533815e-05	1.6414995229752093e-09	3.697099964483641e-07	8.813977183308453e-07	1.3484214016785678e-05	1.2592018575663388e-05	8.433701829879681e-06	1.0180982634437896e-05	5.416416274835356e-05	2.6336982774406438e-05	0.0	9.167578324991155e-06	2.3442961612900605e-05	9.882778067549225e-06
NC50[6]	5.5917144840123e-06	0.0006580888590542599	0.00011882282325981208	0.0002690151461501955	0.0	6.912124909033146e-06	0.0	0.0	0.0001363740878921188	4.441550281683248e-05	0.0006056492385486934	0.0	3.735437492499827e-05	0.00023150293803681166	1.5081404708325863e-05	6.588496859194493e-11	1.2582590005082416e-05	1.567054947372526e-05	7.576739960782675e-05
NC50[7]	5.638939310443902e-06	1.8635940016489273e-05	0.000283157382873469	3.7243486156537386e-05	8.408530966335093e-06	1.8486398039385676e-06	2.2520673629600195e-06	0.0	0.0002783596253710266	0.00016359318916326423	0.0006279906111740274	0.0	5.394141810199926e-05	0.00017442762913301823	1.5583237400278448e-05	0.0	9.319687761717432e-06	1.483467823689466e-05	5.177242670868054e-05
NC50[>7]	2.1137171152076918e-05	0.0	4.277466943751307e-05	1.1738437772175203e-05	6.540613209214674e-07	2.5173472195660908e-11	1.0845256063980458e-05	1.9665824524395248e-11	0.00010019996022075261	5.180689925462722e-05	0.00014139928548182024	0.0	4.03925374415337e-05	8.877277803077011e-05	9.284320357982878e-06	2.0726291793948803e-11	1.6206281679678192e-05	1.501435098951731e-06	1.808051178404435e-05
BoChr[1]	3.979321913779033e-06	0.00133946613735894	0.004784516035148396	0.0009229761445065604	0.0038446958089588933	0.005434230757715897	0.00048055393569360836	0.0008359506447367491	0.00835019870966404	0.0009801890980819712	0.0021708307613150855	0.008314472171986675	0.0002632395726659995	0.0007730232084872668	0.5091819193586707	0.0036697752470480215	0.0005662422424881797	0.00024291506924896565	0.0004124467107373936
BoChr[2]	1.946699175664701e-05	0.003492357482992645	0.02084415881987553	7.487472612410784e-05	0.0024105481005595665	0.013713305650788498	0.004591607648009592	0.0	0.003368908713177348	0.0033157907926010923	0.02911945388972839	0.005816446216716073	0.03981258647604136	0.004155456421949566	0.007753944639460286	5.772532443472755e-05	0.0028241321521272765	0.013625544171495675	0.032235303884786216
BoChr[3]	6.087929365151678e-05	0.0028425144936772995	0.010712823299142613	0.0004300331098663435	0.0026734690444382547	0.01379470581295152	0.0037307174189712107	0.0001417923014710709	0.0029717435019998104	0.00343607790546681	0.009936173947016584	0.01986248323989365	0.0437770000477974	0.027683942874006107	0.012309168203537411	1.1376667036984146e-05	0.008376273457345177	0.008201098387726407	0.07278402332208088
BoChr[4]	1.328248216303507e-08	0.004831568320751671	0.0046081887761271955	0.00036978875983663785	0.0005324625942373018	0.003344342224818675	0.005794778475737687	0.002270018369635238	0.004971753996978805	0.005383615609240451	0.029446141124051337	0.014098693460063974	0.005988444665295561	0.0053120074241904324	0.02270654707455833	0.024086620834822412	0.008868658994963852	0.014593867503572255	0.029615415997708547
BoChr[5]	2.83377287520592e-06	0.006419370618407072	0.005377074601638867	0.000708087390427039	0.0009651154246908788	0.0012772274541363294	0.0018444328939247702	0.0045491440708714855	0.002238677455461584	0.0026315409726911554	0.026484289648104918	0.03498282923167047	0.006732745812986707	0.002486905030907052	0.018438053322988424	0.0032593590997385038	0.009277806578802483	0.00023296004923414464	0.11273712488800804
BoChr[6]	9.307625270258412e-06	0.0010041027009253867	0.005799320883775411	0.0003924917292219199	0.003083747585340567	0.0029142286896075447	0.003092664314003872	0.0009177214655756838	0.003419969038113031	0.00439469832502656	0.031699381980805276	0.0009626814083800861	0.0208489108904612	0.01715368896704742	0.04799830073034542	0.002921035317263261	0.05953420598763625	0.10918448018944321	0.014362100376571662
BoChr[7]	1.3330784328905442e-05	0.0007603308010446597	0.002736230785145245	0.0003926902474151461	0.001911194255478108	0.004759121489832978	0.0004377827193066075	0.0001383585431085521	0.0018411615057213162	0.002266329645521239	0.009954530047459187	0.010333680722999068	0.002143752805573575	0.0012684824013742002	0.019467432078245396	0.006895324320295799	0.04160478795383327	0.004094804811351196	0.2021165619457881
BoChr[8]	2.204135764817816e-06	2.9873723270368303e-06	0.002167125382545066	7.248069521992307e-06	0.00035486598732189823	0.0011617213176205387	0.000336587778748787	0.0003015902540433979	0.0009599510082243157	0.0002889297174793093	0.00047454908200403887	5.580670926062514e-05	1.507696228462104e-05	0.0005372016038890731	8.887805146855498e-06	0.551855508685112	3.7820828306962936e-05	0.00022579419435640348	9.28929914254813e-06
BoChr[9]	3.1528713591022495e-08	0.0004656683812335416	0.0012290158704979604	0.0032932262128863954	0.003932001114529982	0.005168181359399164	0.003688671982742191	0.00024920326286704153	0.0058860441645674656	0.006374637346010559	0.00933765675069921	0.0010239439092529778	0.017501521250763118	0.05373397596116973	0.005528920885146249	0.0030379932347935185	0.010646598525710545	0.02765694554369305	0.017084082302753812
BoChr[10]	1.2102118707988386e-05	0.0011014851307268713	0.016736054055978684	0.000902737709366761	0.001111192103340386	0.005527736788862967	0.006581853711365966	0.0	0.005663947881439242	0.0051079946976642174	0.023292406617165397	0.0034113673147103353	0.009676410292740911	0.002978576252753555	0.002557757403701544	0.017075369723461336	0.005420462340116501	0.00965426019858569	0.004124847293023776
BoChr[11]	1.7171795353232433e-06	0.00017889873824462145	0.0016684668494707643	0.0001971471924780488	0.0018640265988501125	0.001397063154990814	0.0001691076091418492	0.0020418599065375907	0.002368454723523202	0.0018091707072391849	0.0002670319074892458	0.001797901840860927	0.0007302984673310178	0.00023706757894585096	0.024128709723756706	0.009177400863499158	0.4040415625428341	0.0006949535669151396	3.889246086565734e-06
BoChr[12]	1.5727440851143193e-06	0.005872257831265309	0.002184493309249689	0.0006622281953642783	0.003081104487898656	0.00024390078470804772	0.003288859891108791	0.03315118333982582	0.00017102540907525386	0.0059502876181840615	0.052530078602798035	0.022955780422242354	0.040593349698709674	0.00019165246863515507	0.0359974378438153	3.942305580864058e-06	0.0045469010625540825	0.0008891076310201152	0.11105538938660174
BoChr[13]	1.6227577320149382e-06	0.0003489316065605408	0.0020838106381415853	0.002636852238991025	0.0022467599215451627	0.0024136450575315393	0.006982478137745715	4.695502476797841e-05	0.00553702747677562	0.001194280627451292	0.022577790685415558	4.5765168839082546e-05	0.013446954313564845	0.01317262001421225	0.0025575853506416024	0.000158421597443521	0.004202384278178215	0.008675521291163477	0.005279787906167712
BoChr[14]	0.00011132578050560227	0.0008880459731881274	0.007630993176135235	0.003929319523940648	0.00441446159405757	0.006089949161274433	0.0010205914517428028	0.001149910381209338	0.0058413807448232545	0.002319379418520384	0.008669640840765058	2.5317343317965425e-05	0.0032257844577543437	0.02247838530514855	0.0005335158199704892	0.00020150153897702694	0.0034768877120222898	0.007420502421121669	0.0010631915593339158
BoChr[15]	6.615964490896964e-07	0.00033998233992292624	0.005145974658589693	0.001980873207223226	0.0028710752384279205	0.004712417339553742	0.0007162571959815978	0.0003351132014540781	0.00923123782267794	0.0009307363134024627	0.006606151125061241	0.0007258488526474593	0.0035376115831478217	0.018712251066463067	0.0033605810035568008	0.0012093620536073146	0.004380844209590578	0.008606436521769184	0.0005854650859093624
BoChr[16]	5.765507706811945e-08	0.0036481846788956316	0.004410970647877548	0.004059818812544335	0.004851931426510418	0.0054801750660408285	0.000320248870791886	0.0005002068652720481	0.005517152140018942	0.00627990476321429	0.012122916895924095	7.16795475455001e-05	0.002320874766455745	0.01072707491917615	0.00014284491800935938	7.561290753073991e-05	0.006464568011417909	0.00727848736893975	0.003818881691986462
BoChr[17]	2.2530460686764897e-06	1.9027441493832953e-05	3.2931113946155222e-06	0.0005791263268388213	0.0006366927518269413	0.0008350334653861191	3.6785982768048345e-05	0.0003384040544562371	0.0017064825090503445	0.00012436201346242043	6.66686293090157e-05	5.5426029967307476e-06	2.889334898005913e-05	0.0004486076153406994	0.010711319538190087	0.04513168836759341	0.03590248432712961	0.3124257313977523	1.040458201724788e-05
BoChr[18]	3.3502862172318793e-06	8.341735208887257e-05	0.0012045796692319755	0.0017450127505866386	0.002202582624787084	0.0044111143674715695	0.0009568256405164632	0.0003429763531057617	0.0019482157497382956	0.0005482773343136671	0.006641912409944694	0.0017513945463374459	0.012771856747991776	0.0657309757195056	0.0041622122118966055	0.0039395904541015625	0.011748357237095313	0.015509608357987759	0.01593676243147229
BoChr[19]	8.695462502927853e-08	0.00025210636149321176	0.00031386771246616263	0.000617022944520329	0.0023207177863025672	0.008287578535794395	0.00016924528125550787	0.0008864431132621681	0.0007797477395371999	2.3345725843313403e-05	0.017295474061485835	0.0007719713175705322	0.010902018309723474	0.049502351536792236	0.013111447728441875	1.4083380911245058e-07	0.0192329551498392	0.03695308453604369	0.0116296620443174
BoChr[20]	4.125265979038062e-08	0.0005560600650587765	0.00257153602206472	0.0006204925691359619	0.002643144590752371	0.006285644535346222	0.0001625214194386615	0.0023592741793198985	0.0008582979923784962	0.00026512401290531786	0.018959571441971548	0.0002665972402697481	0.006348451134205	0.02925703785443261	0.00012378943887597415	2.0073171924650526e-09	0.021939520646729115	0.01608682896507533	0.02804842818092503
BoChr[21]	2.2337920403510124e-05	6.903794565005228e-06	0.0024742789203526174	0.003015734135216235	1.610780454939231e-05	0.0024966438178671523	0.0032302273280993177	0.0014301095997323898	0.001694153054268105	6.161233159218682e-05	0.008667528528461688	0.006767227269592375	0.005527956417840869	0.019452432137168216	0.0003847765456885099	0.0004572067858549644	0.0026759805501205846	0.005847606793176965	0.000398046146510751
BoChr[22]	7.14506452345054e-05	0.00035393734531226074	0.0007868938743873157	0.0025042866506690587	0.0021185498248996737	0.0028031810153009928	0.0007322816939656107	5.285286605229089e-05	0.0011873683075555163	0.0008093966047177048	0.005285022981697693	0.00010929668335847964	0.006745006702048357	0.03711972687044181	0.00023812261060811578	0.0008226833213120699	0.005396438268494421	0.011802801007579546	0.0030356259268592123
BoChr[23]	0.0010798000764648207	0.00027950793933996466	0.007319002349799248	0.00042897878659161394	0.0006277092233943904	0.0013295170565834269	0.00855287786293573	0.003263008948009798	0.017040765706885282	0.00021928164827360154	0.017631753267367357	0.013135274309897796	0.017185779127155455	0.005748480820138866	0.0010734516993275633	0.0006672685518290677	0.006767741139046848	0.008150686015437678	0.002127549407247216
