MutationType	SBS80A	SBS80B	SBS80C	SBS80D	SBS80E	SBS80F	SBS80G	SBS80H	SBS80I	SBS80J	SBS80K	SBS80L	SBS80M
BP10MB[0]	1.69E-03	9.48E-04	3.04E-03	1.02E-02	1.34E-03	8.58E-03	1.51E-03	6.98E-04	3.40E-03	6.21E-03	2.46E-03	3.99E-03	4.17E-03
BP10MB[1]	1.66E-05	2.30E-04	2.69E-03	8.90E-04	4.20E-04	2.78E-03	6.02E-04	1.09E-04	1.49E-03	2.90E-04	2.82E-04	1.02E-03	5.41E-04
BP10MB[2]	0.00E+00	6.86E-04	1.32E-03	1.80E-03	1.11E-03	9.80E-04	6.63E-04	2.58E-05	1.88E-03	2.78E-03	1.12E-03	1.11E-03	5.06E-04
BP10MB[3]	3.81E-10	2.29E-04	4.72E-04	1.55E-04	4.07E-04	2.43E-04	2.08E-04	6.12E-05	3.99E-04	2.23E-04	1.49E-04	3.66E-04	3.78E-04
BP10MB[4]	1.76E-10	1.93E-04	5.99E-04	3.23E-04	4.21E-04	0.00E+00	1.80E-04	3.78E-06	4.58E-04	6.54E-04	3.29E-04	3.47E-04	3.16E-04
BP10MB[5]	8.19E-10	1.19E-04	2.09E-04	1.93E-05	1.66E-04	0.00E+00	7.40E-05	5.57E-05	1.24E-04	6.98E-05	6.43E-05	1.78E-04	1.87E-04
BP10MB[>5]	8.35E-10	4.24E-04	2.41E-04	0.00E+00	6.31E-04	0.00E+00	1.91E-04	2.37E-04	2.41E-04	4.19E-04	8.06E-04	7.32E-04	6.74E-04
BPArm[0]	2.29E-04	4.23E-05	9.68E-05	5.33E-04	3.77E-05	8.04E-04	9.40E-05	6.68E-05	1.87E-04	2.48E-04	1.89E-04	1.17E-04	2.93E-04
BPArm[1]	5.30E-05	3.56E-07	4.39E-05	1.89E-04	1.16E-09	4.70E-04	1.18E-05	1.25E-05	4.68E-05	8.05E-10	9.32E-06	2.11E-05	6.67E-06
BPArm[2]	3.75E-05	6.20E-11	0.00E+00	7.82E-04	1.68E-10	6.18E-04	2.90E-05	9.41E-06	5.15E-05	1.80E-04	6.30E-10	2.32E-05	3.91E-05
BPArm[3]	2.10E-09	1.60E-27	2.00E-04	1.13E-04	1.89E-06	2.88E-04	1.23E-05	1.88E-06	1.22E-04	5.30E-05	1.92E-05	7.31E-05	3.14E-05
BPArm[4]	1.33E-09	2.85E-05	5.51E-05	3.41E-04	1.03E-05	1.84E-04	5.57E-05	2.08E-05	1.41E-04	2.62E-04	6.72E-05	5.96E-05	3.87E-05
BPArm[5]	1.86E-09	7.84E-06	1.86E-04	1.04E-04	3.47E-05	2.04E-04	3.01E-05	5.10E-06	1.07E-04	6.78E-05	2.91E-05	8.70E-05	3.81E-05
BPArm[6]	7.64E-10	3.94E-05	7.05E-05	1.58E-04	3.83E-05	8.57E-05	5.33E-05	1.08E-05	1.33E-04	2.05E-04	7.82E-05	8.21E-05	4.80E-05
BPArm[7]	1.57E-09	2.33E-05	1.14E-04	8.78E-05	4.20E-05	1.25E-04	2.56E-05	9.41E-06	8.89E-05	5.43E-05	2.43E-05	9.09E-05	5.15E-05
BPArm[8]	9.50E-10	3.15E-05	5.13E-05	1.04E-04	4.33E-05	1.63E-05	6.04E-05	2.15E-06	9.38E-05	1.42E-04	4.84E-05	5.79E-05	2.87E-05
BPArm[9]	1.14E-09	2.06E-05	5.38E-05	4.67E-05	4.64E-05	4.34E-05	2.75E-05	3.44E-06	5.22E-05	5.27E-05	3.70E-05	6.26E-05	3.05E-05
BPArm[10]	1.05E-09	1.61E-05	5.17E-05	7.53E-05	4.82E-05	1.13E-05	3.69E-05	3.33E-07	7.70E-05	1.04E-04	3.25E-05	4.51E-05	2.50E-05
BPArm[>10 & <=20]	8.46E-10	1.20E-04	3.55E-04	9.20E-05	2.79E-04	0.00E+00	9.75E-05	2.95E-05	2.47E-04	2.57E-04	1.17E-04	1.67E-04	1.71E-04
BPArm[>20 & <=30]	1.54E-09	6.67E-05	1.23E-04	7.88E-06	6.73E-05	0.00E+00	1.88E-05	3.99E-05	6.16E-05	4.03E-05	5.95E-05	9.66E-05	1.18E-04
BPArm[>30]	2.40E-09	5.23E-05	3.66E-06	0.00E+00	1.16E-04	0.00E+00	5.88E-06	3.95E-05	1.53E-05	3.56E-05	1.25E-04	7.77E-05	8.73E-05
CN[0]	1.90E-06	0.00E+00	7.07E-05	8.53E-04	0.00E+00	2.65E-05	5.55E-04	1.03E-06	2.27E-03	4.06E-03	1.39E-03	2.03E-03	1.92E-06
CN[1]	4.63E-05	3.93E-10	4.66E-04	3.64E-04	1.15E-04	2.27E-04	1.94E-03	0.00E+00	1.45E-03	2.19E-03	8.50E-04	7.72E-04	6.79E-04
CN[2]	1.84E-03	2.46E-05	1.91E-03	3.45E-03	2.93E-03	3.23E-04	1.89E-03	4.97E-04	2.85E-03	2.97E-02	2.14E-03	1.06E-03	1.23E-03
CN[3]	6.09E-06	2.83E-04	2.95E-03	2.53E-03	2.62E-03	2.39E-03	0.00E+00	3.50E-04	2.61E-03	5.89E-04	4.97E-03	4.64E-03	2.47E-03
CN[4]	6.67E-11	3.46E-03	1.31E-03	1.85E-03	1.16E-03	2.09E-03	0.00E+00	3.34E-04	3.31E-03	3.69E-03	7.04E-03	5.57E-03	3.63E-03
CN[>4 & <=8]	1.66E-09	3.20E-03	3.37E-04	4.00E-04	6.55E-08	2.90E-08	0.00E+00	1.53E-03	3.56E-03	2.23E-04	3.87E-03	2.84E-03	3.40E-03
CN[>8]	3.38E-09	1.61E-04	2.21E-09	7.07E-09	1.28E-08	3.92E-09	1.08E-09	1.47E-03	1.66E-04	3.27E-09	8.11E-05	6.86E-05	1.92E-04
CNCP[0]	1.24E-04	0.00E+00	5.01E-09	9.35E-06	0.00E+00	1.33E-08	3.03E-09	0.00E+00	4.28E-05	3.71E-05	1.08E-05	6.30E-06	0.00E+00
CNCP[1]	0.00E+00	2.23E-03	4.24E-03	2.36E-03	3.96E-03	1.77E-03	1.89E-03	0.00E+00	3.67E-03	7.91E-04	9.76E-03	6.10E-03	6.18E-03
CNCP[2]	1.36E-09	4.58E-03	1.61E-03	2.29E-03	6.64E-04	2.69E-04	2.90E-04	6.88E-04	6.05E-03	1.29E-02	5.17E-03	7.32E-03	5.48E-03
CNCP[3]	2.30E-09	1.18E-03	8.78E-04	7.22E-04	8.89E-05	1.24E-08	1.59E-08	6.44E-04	2.91E-03	1.32E-03	1.50E-04	1.54E-03	1.05E-03
CNCP[4]	3.68E-09	5.21E-04	2.11E-04	3.52E-04	3.27E-07	1.34E-08	0.00E+00	4.11E-04	1.48E-03	5.37E-04	9.12E-05	6.30E-04	4.43E-04
CNCP[>4 & <=8]	4.28E-09	1.59E-04	6.17E-05	4.08E-04	3.16E-10	4.08E-09	0.00E+00	6.92E-04	1.64E-03	5.12E-04	1.22E-42	1.72E-04	1.61E-04
CNCP[>8]	1.94E-09	0.00E+00	2.57E-10	8.82E-08	2.99E-10	5.36E-09	5.76E-09	7.96E-04	7.21E-08	7.15E-09	1.94E-07	3.40E-06	2.53E-08
OsCN[0]	6.13E-04	2.98E-03	2.87E-03	5.50E-04	1.94E-03	5.51E-04	6.04E-04	1.31E-03	2.19E-03	7.43E-03	1.91E-03	4.73E-03	4.14E-03
OsCN[1]	2.73E-05	3.96E-04	9.36E-04	1.04E-03	7.02E-04	5.93E-04	1.95E-04	3.21E-04	2.23E-03	2.14E-03	1.12E-03	1.11E-03	1.10E-03
OsCN[2]	2.12E-10	2.32E-04	3.64E-04	1.67E-04	1.64E-04	2.87E-04	1.85E-04	8.46E-05	2.85E-04	3.23E-04	3.33E-04	3.73E-04	2.76E-04
OsCN[3]	0.00E+00	1.56E-04	2.34E-04	2.20E-04	1.78E-04	2.19E-05	1.80E-04	1.01E-05	2.90E-04	5.53E-04	3.74E-04	3.50E-04	2.88E-04
OsCN[4]	6.37E-10	5.30E-05	5.58E-05	1.70E-05	5.48E-05	4.13E-05	4.77E-05	4.42E-47	3.95E-05	6.26E-05	1.16E-04	8.48E-05	9.46E-05
OsCN[>4 & <=10]	8.61E-10	6.29E-05	1.61E-04	4.77E-05	2.85E-04	0.00E+00	8.49E-05	0.00E+00	8.25E-05	2.38E-04	3.45E-04	1.46E-04	1.89E-04
OsCN[>10]	1.09E-09	2.32E-09	1.85E-05	0.00E+00	7.35E-05	8.76E-11	3.04E-05	8.68E-10	2.11E-10	4.78E-06	7.63E-05	1.02E-05	4.18E-05
SS[<=2]	3.88E-09	4.03E-05	0.00E+00	1.55E-05	5.17E-05	3.98E-06	2.48E-06	3.65E-05	1.72E-04	4.29E-05	2.04E-04	9.56E-05	1.42E-04
SS[>2 & <=3]	3.97E-09	4.35E-05	0.00E+00	2.80E-04	1.71E-04	0.00E+00	8.80E-09	2.25E-04	1.57E-03	5.74E-04	1.13E-03	2.62E-04	1.07E-03
SS[>3 & <=4]	4.22E-09	7.63E-05	4.81E-09	9.95E-04	1.11E-03	1.31E-09	6.49E-05	6.57E-04	6.29E-03	2.54E-03	5.66E-03	1.18E-03	4.89E-03
SS[>4 & <=5]	4.72E-12	6.89E-04	1.08E-04	7.66E-04	4.75E-03	9.00E-10	1.12E-03	2.13E-03	2.79E-03	3.11E-03	1.02E-02	4.22E-03	5.88E-03
SS[>5 & <=6]	1.12E-11	2.82E-03	1.35E-03	5.54E-05	3.28E-03	9.35E-05	1.12E-03	1.86E-03	1.67E-03	4.27E-03	4.36E-03	5.32E-03	4.25E-03
SS[>6 & <=7]	0.00E+00	2.22E-03	2.49E-03	8.83E-04	4.26E-03	6.38E-04	1.67E-03	9.12E-04	3.40E-03	2.77E-03	2.03E-03	3.01E-03	3.57E-03
SS[>7 & <=8]	1.36E-04	9.68E-04	1.61E-03	1.94E-03	1.14E-03	1.90E-03	8.20E-04	1.38E-04	1.92E-03	2.76E-03	1.54E-03	1.63E-03	1.14E-03
SS[>8]	1.03E-04	1.50E-10	0.00E+00	1.66E-04	6.86E-10	4.06E-04	0.00E+00	5.01E-10	0.00E+00	1.67E-09	3.54E-09	7.86E-09	1.33E-09
NC50[<=2]	5.56E-06	2.46E-10	6.71E-12	0.00E+00	1.19E-07	2.64E-11	5.70E-10	5.00E-06	1.40E-47	2.24E-09	2.42E-06	1.44E-06	1.07E-07
NC50[3]	7.66E-06	3.79E-07	2.25E-11	3.17E-06	9.41E-07	2.10E-05	5.17E-06	5.51E-06	0.00E+00	1.30E-06	4.43E-06	2.73E-06	6.50E-06
NC50[4]	4.64E-06	2.75E-07	0.00E+00	2.85E-05	1.23E-06	3.58E-05	1.28E-05	3.70E-06	1.70E-06	3.49E-06	3.20E-06	2.00E-06	2.60E-05
NC50[5]	1.63E-06	2.14E-06	4.90E-07	2.27E-05	9.16E-07	2.06E-05	1.95E-07	2.65E-07	1.23E-06	6.30E-06	2.08E-06	4.08E-06	3.40E-07
NC50[6]	7.35E-07	7.62E-06	1.26E-05	2.38E-05	5.51E-06	2.00E-05	9.71E-08	0.00E+00	1.65E-05	1.66E-05	1.82E-05	2.15E-05	6.33E-06
NC50[7]	8.35E-07	3.96E-06	1.44E-05	1.13E-05	8.17E-06	1.22E-05	1.25E-09	0.00E+00	1.79E-05	1.63E-05	1.45E-05	1.76E-05	3.69E-06
NC50[>7]	1.58E-06	7.93E-07	3.84E-06	2.46E-06	1.15E-06	4.41E-06	7.66E-07	1.64E-11	6.38E-06	4.89E-06	5.11E-06	1.38E-05	3.98E-08
BoChr[1]	2.14E-06	1.49E-03	1.42E-03	3.82E-03	1.54E-03	5.93E-04	6.37E-04	7.40E-04	3.58E-03	3.09E-04	1.26E-02	6.76E-03	5.62E-03
BoChr[2]	6.10E-06	1.17E-03	1.16E-03	7.15E-04	7.18E-04	4.31E-06	4.70E-04	0.00E+00	9.24E-04	3.27E-04	1.56E-03	2.10E-04	1.42E-03
BoChr[3]	8.51E-06	1.53E-03	7.60E-04	2.11E-03	1.01E-03	3.25E-04	6.94E-04	3.23E-05	8.43E-04	1.09E-03	3.64E-03	2.69E-03	2.10E-03
BoChr[4]	2.17E-09	9.48E-04	8.19E-04	2.64E-04	3.84E-04	2.73E-04	5.72E-04	2.76E-04	9.45E-04	4.74E-04	3.39E-03	1.79E-03	3.90E-03
BoChr[5]	2.24E-06	6.79E-04	7.32E-04	2.57E-04	1.43E-03	4.22E-04	4.63E-04	7.33E-04	6.70E-04	6.34E-04	4.74E-03	3.87E-03	2.85E-03
BoChr[6]	5.88E-06	1.33E-03	1.22E-03	5.64E-04	1.21E-03	1.69E-03	6.43E-04	3.60E-04	8.65E-04	2.58E-03	6.24E-03	2.95E-03	6.04E-03
BoChr[7]	1.22E-05	9.68E-04	7.76E-04	2.27E-03	1.33E-03	5.07E-04	2.82E-04	1.90E-04	1.71E-03	8.22E-04	5.23E-03	3.94E-03	4.44E-03
BoChr[8]	2.92E-07	1.14E-03	2.06E-03	2.11E-04	8.76E-04	2.74E-04	5.13E-04	6.49E-04	7.12E-04	1.55E-03	1.68E-03	3.11E-04	1.36E-02
BoChr[9]	4.10E-07	5.53E-04	5.09E-04	1.22E-03	8.46E-04	6.65E-04	4.34E-04	8.33E-05	5.06E-04	4.32E-04	1.87E-03	2.70E-03	2.71E-04
BoChr[10]	3.62E-06	5.14E-04	6.72E-04	3.23E-04	3.62E-04	1.35E-04	3.05E-04	0.00E+00	4.43E-04	4.85E-04	6.11E-04	7.16E-04	2.12E-03
BoChr[11]	4.29E-07	4.82E-04	8.62E-04	5.08E-04	1.66E-03	2.84E-04	2.63E-04	1.62E-03	2.46E-03	2.92E-03	5.66E-03	1.05E-02	8.12E-03
BoChr[12]	5.72E-09	3.74E-04	5.72E-04	2.07E-04	8.66E-04	3.12E-04	3.03E-04	2.05E-03	3.90E-04	1.98E-03	7.56E-03	2.65E-03	3.65E-03
BoChr[13]	2.63E-06	3.68E-04	4.32E-04	3.30E-04	3.28E-04	6.42E-04	3.03E-04	1.24E-05	4.32E-04	1.89E-04	7.75E-04	9.34E-04	3.68E-04
BoChr[14]	1.29E-05	3.13E-04	3.99E-04	2.07E-04	3.62E-04	2.31E-04	1.31E-04	1.13E-04	3.85E-04	1.82E-04	1.42E-04	1.62E-03	2.65E-04
BoChr[15]	7.88E-09	2.04E-04	2.74E-04	1.36E-04	2.70E-04	1.61E-04	1.03E-04	8.71E-05	4.30E-04	1.69E-04	1.48E-04	1.19E-03	1.73E-04
BoChr[16]	2.59E-07	1.57E-04	2.09E-04	2.36E-04	3.41E-04	2.71E-04	3.94E-05	9.86E-05	3.23E-04	3.08E-04	3.49E-04	7.72E-04	2.10E-04
BoChr[17]	6.02E-06	5.50E-04	1.28E-04	2.08E-04	6.51E-04	4.69E-04	2.14E-04	9.57E-04	6.58E-04	1.11E-03	2.02E-03	1.17E-02	6.37E-03
BoChr[18]	7.15E-07	6.45E-04	6.96E-04	1.12E-04	9.43E-04	9.10E-04	3.46E-04	1.30E-04	3.12E-04	2.28E-04	1.36E-03	2.37E-03	3.51E-04
BoChr[19]	3.14E-09	8.15E-04	2.75E-04	1.40E-03	1.26E-03	1.38E-03	8.26E-05	2.23E-04	1.29E-03	2.06E-05	1.85E-03	5.21E-03	1.13E-03
BoChr[20]	3.06E-09	4.15E-04	2.74E-04	3.63E-04	9.45E-04	6.21E-04	1.38E-05	4.02E-04	8.43E-04	4.72E-05	8.69E-04	3.24E-03	1.17E-03
BoChr[21]	7.38E-06	2.57E-04	2.15E-04	7.58E-05	1.63E-04	3.09E-04	2.56E-04	1.07E-04	2.18E-04	3.64E-05	6.33E-04	8.01E-04	5.58E-04
BoChr[22]	8.77E-06	3.12E-04	8.85E-05	8.48E-05	4.77E-04	3.18E-04	1.56E-04	4.16E-05	1.84E-04	9.92E-05	3.25E-04	1.80E-03	1.22E-04
BoChr[23]	1.45E-05	3.58E-04	4.30E-04	2.32E-04	2.47E-04	3.63E-05	3.33E-04	2.27E-04	7.80E-04	2.47E-04	1.22E-03	6.73E-04	9.99E-04
