MutationType	SBS80A	SBS80B	SBS80C	SBS80D	SBS80E	SBS80F	SBS80G	SBS80H	SBS80I	SBS80J	SBS80K	SBS80L	SBS80M
BP10MB[0]	0.7111887502670288	0.0032658568952370326	0.03262534936684602	0.4350431770020805	0.004060555036600164	0.5143547559529543	0.014241576222910834	0.02343429723288864	0.05897572397687584	0.058882022069108295	0.010541000074022162	0.05525598484091466	0.05442249540949042
BP10MB[1]	3.6858167693765156e-05	0.0013851197390596086	0.054299003072083	0.003668043708439595	0.0010416557907592505	0.09422144082607702	0.009813692046927827	0.00104422159922251	0.0020646625135850626	0.001565611438779797	0.0007331017651449656	0.002938646644615801	0.0038969578968182828
BP10MB[2]	0.0	0.0036139950402206077	0.042842424167320134	0.095118891117163	0.009897840730845929	0.003947486470054003	0.0018184927753645752	3.573818389640771e-05	0.04406184565275908	0.030581296579912307	0.003526921690272502	0.004534067368585966	0.0013477056430929225
BP10MB[3]	1.2383234676564278e-09	0.004404811574426048	0.026017541252076625	0.0008156255746215057	0.0030865428961988086	0.0019740680325412542	0.006349796465365216	0.0007144275219252449	0.0029117386305006223	0.002414408041787652	0.0005193924201012123	0.002171117454603062	0.0015321201000293172
BP10MB[4]	2.613424854303048e-10	0.002501067435950972	0.012468321648193524	0.003113015765848104	0.011172252998221666	0.0	0.003842213808941608	4.1915961264749055e-06	0.011802713385550305	0.009432243290357292	0.0018093220844569479	0.0010573790742296296	0.0006947187214146719
BP10MB[5]	1.5541962987697388e-08	0.002660439319733996	0.005821615532040596	2.9524685232900082e-05	0.0036274854914518074	0.0	0.0021095581800909713	0.0012245967981289142	0.001247416661040006	0.0005390819416194859	0.0002079579906330764	0.0014833853422607035	0.001738197745526122
BP10MB[>5]	3.036417732804608e-09	0.006502493219450116	0.0003341516945511103	0.0	0.01962896887853276	0.0	0.003483960183631325	0.013203863548114895	0.0008736150467302651	0.001531239753604492	0.009144567491421184	0.006002620310880005	0.01045875070201646
BPArm[0]	0.10193954870104789	0.0003023776867976165	0.0015240522321983009	0.017443305714987218	0.0003816795561579056	0.024381168524269015	0.0010317120230223958	0.0011335081448487472	0.002888192305026335	0.0028437627920288294	0.0006040490609928639	0.0006252883090792238	0.002867183058850795
BPArm[1]	0.0011356759886029977	3.5569224564824254e-07	9.989478013253006e-05	0.0003074945707811061	2.9454663241779142e-09	0.02394415993941948	2.8478300773775444e-05	5.5950340149815146e-05	4.6849483624100685e-05	8.051089395166855e-10	3.743375513945324e-05	2.2215698820176046e-05	1.4236712660939482e-05
BPArm[2]	0.0020395621424540876	6.195778556872256e-11	0.0	0.02352520881453529	1.6784527545610218e-10	0.017928783543175085	0.00011604389358657485	2.630404226621863e-05	6.95851184938867e-05	0.0005230945927871523	7.230218823650603e-10	4.5262824167231485e-05	0.00017168203794057035
BPArm[3]	1.3290233069618296e-08	1.595365917182456e-27	0.001707398720235389	0.0021175645395123868	4.6192264699129736e-06	0.011668958389091131	3.0120245872919948e-05	2.840325659718701e-06	0.0004074543269794617	0.0003985091757239534	4.271558462003888e-05	0.00017567440436820901	0.00014985825923758967
BPArm[4]	4.431589323838914e-09	3.858184986711421e-05	0.0003941262024864045	0.014680217292625457	2.174160383219714e-05	0.0040427033373498485	0.00014733659666063214	0.00022197984336344234	0.0017170926675316878	0.002037417453222261	0.00012425648572389036	0.00022573771338102233	0.00014151973591424393
BPArm[5]	1.9303005641957416e-08	1.7527455056551844e-05	0.0035959253742475993	0.002201136845481724	5.664920442420396e-05	0.0038293708604760467	0.00011466364091856256	1.7460786672893747e-05	0.00047614096259778924	0.0004824220355775755	4.933595653710654e-05	0.000497243992821284	0.00019866476665782783
BPArm[6]	4.182493141824395e-09	0.00016064833181765468	0.0015468265289382544	0.007022736748913303	0.0001539561679293492	0.0005540343984824858	0.0003428266773488531	6.9726216570416e-05	0.002929443937682663	0.002115986387130739	0.00023396799225928078	0.00047469059871573904	0.00016704024823411602
BPArm[7]	2.567285755095128e-08	0.00013746545379994757	0.0036619848654663657	0.0012683621807082091	0.00013840411335735298	0.001345067645306699	0.0001323543477088407	5.338175590393845e-05	0.0006734451459851698	0.00037096775615431455	6.801853774533128e-05	0.0007635799256240717	0.00021717507625498733
BPArm[8]	1.4435781687804905e-08	0.00019690054354256858	0.002147883551660925	0.0032776849259971643	0.0002348045644839658	3.849137152428739e-05	0.0005699691436150545	4.152972396695987e-06	0.002056774088705424	0.0015108994208894444	0.00013702261374945124	0.00020166425510332431	0.00016317984946255138
BPArm[9]	1.9177245498269714e-08	0.00022685301800493107	0.0025379999540746214	0.0004908728058217093	0.00032600348457890505	0.0002775697880360894	0.00026937247847568456	9.48149174291757e-06	0.0009793369988983613	0.0005751832738033613	0.00015638715407877867	0.0004259866898442066	0.00012111523503335786
BPArm[10]	2.0485009564197298e-08	6.553393772776417e-05	0.0018889136085635983	0.0012561292348254938	0.0004788116493318899	1.6958313594841456e-05	0.0004310120805758455	3.334113381133237e-07	0.002059704176830337	0.0010424386758320914	8.658758627426266e-05	0.00022411994375360678	7.548719340041643e-05
BPArm[>10 & <=20]	2.7471357151587216e-09	0.0013992945491190767	0.010335491877049208	0.00017826470546424388	0.004341711471319058	0.0	0.001741225735095213	0.00015853733944823034	0.005795503433328122	0.003265384365687556	0.0006546646048286675	0.00100932396902765	0.0007349730081668326
BPArm[>20 & <=30]	3.136218218457998e-08	0.0012049561869935132	0.00133378398953937	1.0638079838827253e-05	0.002611759719438851	0.0	0.0001477748983971594	0.0006977033624934847	0.00042791441280588317	0.0002800424514938982	0.0003012266947803255	0.00044522805889913995	0.0006936960801192526
BPArm[>30]	6.083934303902083e-08	0.0004417969656304077	3.657585475593805e-06	0.0	0.0027155929733999073	0.0	1.740485783443102e-05	0.002672718345420435	1.8114492413587867e-05	5.391272045356388e-05	0.001188855847997523	0.0003223710012889569	0.00046966628070777006
CN[0]	4.9671038513565695e-06	0.0	0.00011143250698961716	0.0019404658063358227	0.0	3.3594971159633943e-05	0.004943558767210731	1.035125300461459e-06	0.01720688652175401	0.04886980892415778	0.0019706836342811584	0.004143023584318462	1.9429641767487737e-06
CN[1]	0.0030173800139004924	3.926769664985841e-10	0.001248855288431514	0.00091188886115562	0.00019076599241088946	0.0007208271357464008	0.21865762025117874	0.0	0.029469694367144257	0.019791133450344205	0.0037899768696674145	0.0015534441826972056	0.0021156440147734657
CN[2]	0.033464242378715474	2.4649356876693674e-05	0.017190474676797192	0.04773213216232028	0.06829825333548285	0.0006917599476904001	0.18443474903702736	0.0027391596473171375	0.01966827777557156	0.2850383037701249	0.01615915861853864	0.0036944095967580788	0.0033365913620218633
CN[3]	1.1152213720047044e-05	0.0005426740134134889	0.07811690118163823	0.0064495410688687116	0.12160591032588855	0.04561427104358927	0.0	0.0015511109899671283	0.03314665056532249	0.0009109341100429447	0.053332369234577334	0.056338764254469424	0.04983306100475602
CN[4]	1.5663078500871563e-10	0.13407928954809903	0.011509010792683511	0.003650172920247137	0.016708130275037546	0.010267826146222205	0.0	0.002755336976915963	0.020839114545378835	0.017192157716781366	0.043358629270683194	0.052565861911360943	0.03693466290856751
CN[>4 & <=8]	5.556057978139961e-09	0.1876203854382038	0.0006024790119835188	0.0004011341577319172	1.450582652751109e-07	3.1757456611103405e-08	0.0	0.0674943108484149	0.047999761243680016	0.00038145983939131157	0.009751704819528875	0.008789990225609064	0.009818246529321471
CN[>8]	1.2204240244173547e-07	0.00040349158997400993	3.730719448924446e-09	5.7831057125312667e-08	2.9916631572035615e-08	1.5913887456697752e-08	1.5191940860859176e-09	0.16377055287361145	0.0002331656703066898	3.598432360973908e-09	0.00011390952188667924	0.00010775386137730436	0.0002719296892440709
CNCP[0]	0.04419480703771114	0.0	6.650832986565547e-09	1.600969662668206e-05	0.0	2.076309499443596e-08	4.26775926598566e-09	0.0	0.0003625374151928007	0.00026022146649694376	1.2281416566111148e-05	7.401035036309622e-06	0.0
CNCP[1]	0.0	0.007165767784391744	0.1616730005433783	0.06010342446155846	0.2816120506078005	0.03613445102237165	0.25734597101807594	0.0	0.0112434326345101	0.0007905881133817702	0.1621819238830358	0.07887932827027956	0.08838653663173318
CNCP[2]	2.944082950206983e-09	0.13662926141179382	0.004041073142463176	0.005428396219087009	0.0008008531939023378	0.0006192263121135965	0.0006536878576662276	0.005284495242481455	0.03963408043142408	0.19555253248577556	0.02990105230696212	0.05716404039664809	0.042608369076428974
CNCP[3]	1.2710301771079458e-08	0.030677435758952924	0.005136109281197605	0.001003699026771301	8.892709185452485e-05	1.9064182623651506e-08	2.7206117185762934e-08	0.030628761667758228	0.07060865313163958	0.004566368206021139	0.0003265350317087723	0.005047703081663713	0.003157667024941588
CNCP[4]	1.0066485690574112e-07	0.011756819591722376	0.00022991862930240358	0.0004850140205853393	3.2734678825363515e-07	4.729877922216019e-08	0.0	0.032966916449368	0.03351992591895396	0.001745190597604278	0.00014416902835250766	0.0019416496005683825	0.0010368929748460686
CNCP[>4 & <=8]	9.294113636926227e-08	0.0004918081573197241	6.179446404729561e-05	0.0005630597188917629	3.1632012564841715e-10	1.429368780669904e-08	0.0	0.08512988433241844	0.036283851269051336	0.0014793454960465935	1.219199728885807e-42	0.0003765753878493783	0.00025386580301272943
CNCP[>8]	1.866150717688697e-07	0.0	3.5004591225629154e-10	3.592762595161503e-07	5.264751168354565e-10	4.726306944535796e-08	8.609804317716297e-08	0.07416268207132816	1.683415679569113e-07	2.4095780189886674e-08	5.03433374907658e-07	3.513581204295235e-06	4.718032322159616e-08
OsCN[0]	0.046575629990547894	0.07684610947693728	0.05585963533259928	0.0007399591989815235	0.012707364410161973	0.0023551724314053598	0.00535101962297631	0.17751991599798203	0.006396284267434569	0.01776582618011162	0.007530489948112518	0.07249343951185437	0.055676315194069854
OsCN[1]	0.0003817008418951673	0.032823913395404816	0.028300856493884446	0.05112641940824687	0.017127970182336867	0.005121150731971511	0.00037011620646808295	0.02656016271561384	0.08920279134064912	0.04129548000171781	0.02172830842901021	0.020402953951706878	0.011234678373002707
OsCN[2]	3.628261158183932e-10	0.006854817082057707	0.011116553617175668	0.0003470316214952618	0.006635963020380586	0.004558077963301912	0.003315995004231809	0.004058073029154912	0.0006989814277039841	0.0018344137805737404	0.00639092155295657	0.007535214431700296	0.007366306834155694
OsCN[3]	0.0	0.002823815278679831	0.003551077247102512	0.007816768473712727	0.008606929292436689	3.9598961448064076e-05	0.004037790511501953	2.3932848453114275e-05	0.005608585307491012	0.00921915133922834	0.006965697743289638	0.002683418331746955	0.0024416878984106914
OsCN[4]	2.372127023697601e-08	0.0011314598278477205	0.0022803273019962943	3.588119288906455e-05	0.003863369229948148	0.000340742200241948	0.002796682973857969	5.605193857299268e-47	8.226848555750621e-05	0.00025810785219363195	0.0014928592924843543	0.0008309174447094847	0.0013331818364099638
OsCN[>4 & <=10]	1.4037161901736539e-08	0.0004964718475890528	0.0011431712320700172	0.00022982672635407653	0.011195025822962635	0.0	0.008763149133883416	0.0	0.00033471800794359296	0.0031250697209651433	0.00475116879585471	0.0006966635530716303	0.0010501771902954714
OsCN[>10]	4.581817009352562e-08	5.361731307829132e-09	1.9334640101813515e-05	0.0	0.0020069238092401066	1.4034112538752197e-10	0.0024270344898104667	1.6885465803362365e-09	3.3585406011837903e-10	1.0933355753568463e-05	0.0006967276912015352	2.0741902439880277e-05	9.860267463782435e-05
SS[<=2]	7.702821530841675e-08	0.0008772669243626297	0.0	1.7790791961260766e-05	0.0003600623903230371	1.557541269406215e-05	5.247355829443023e-06	0.0014799091126769782	0.0023933198387385344	0.0001404248894095872	0.002402171195280971	0.0008252270453681376	0.0007094717332106409
SS[>2 & <=3]	8.141380045900704e-08	0.00014743211931261157	0.0	0.00037565662525594233	0.0010281607880905596	0.0	1.3603388242522385e-08	0.003729037569719367	0.027396906403339756	0.0016326397813231264	0.010655594985785229	0.0009311331873804818	0.002824746600754168
SS[>3 & <=4]	3.0487309770066415e-08	7.632639244889105e-05	4.81135373320285e-09	0.0013603232670766374	0.006903058719655064	1.310206272364667e-09	0.00016130532015004917	0.003909249245915181	0.10766462199886519	0.007121569341621879	0.06127278665278412	0.002640999101800503	0.01635380202094602
SS[>4 & <=5]	4.723459956501585e-12	0.0022648245134111672	0.00010769976302981377	0.0032584273113832295	0.05364137656288222	8.999832346034964e-10	0.02018678278011066	0.048583905062347416	0.028397509719143274	0.0368414789554663	0.16062450964003802	0.02874471569583319	0.04412391604681476
SS[>5 & <=6]	1.1217283768516495e-11	0.07481419711839407	0.0023202965355775163	5.541575141251087e-05	0.13037022834643722	9.351842105388641e-05	0.08704261176288128	0.0907502280548215	0.0026871476764790715	0.025498393373563886	0.025904937470514845	0.0688046690208715	0.06519400564427087
SS[>6 & <=7]	0.0	0.05954776065889746	0.17840886153280736	0.001783891525119543	0.055375017625176104	0.001709105615737961	0.06799617912620307	0.028361971881240608	0.03894355395575985	0.03806234538555145	0.010817209522938355	0.028747982127869748	0.03014828751096502
SS[>7 & <=8]	0.016064573992043734	0.00870299352100119	0.07089055001735688	0.13024479921907187	0.008310087658210251	0.10144809488207102	0.013247612256091088	0.0009768535287596825	0.04011179253458977	0.04459012478474181	0.011139115875121206	0.014423937648382321	0.014207661076388494
SS[>8]	0.03576417826116085	1.6290082283099138e-10	0.0	0.0009218709025158045	1.8969968884618994e-09	0.00727054940808884	0.0	6.445293188050982e-10	0.0	2.3211322286442738e-09	1.0873683569112558e-08	3.284466034259026e-08	1.8160160664137948e-09
NC50[<=2]	0.0012412817729637027	3.49684530220884e-10	6.707974731234856e-12	0.0	1.4588528465697692e-07	3.518961788628872e-11	2.7024161147748415e-09	7.14108881526343e-05	1.401298464324817e-47	4.65006011474145e-09	6.819664793038527e-06	3.096693485480362e-06	1.4176132403065368e-07
NC50[3]	0.0005776530111324973	5.944681788605522e-07	2.249075148341717e-11	4.5907211732565404e-06	1.966911989086384e-06	0.00022078491347574447	4.175022454349531e-05	8.839972836483412e-05	0.0	1.296192487911796e-06	1.199527309516668e-05	6.7686206035055814e-06	2.915247738457083e-05
NC50[4]	0.00017460298440710175	2.7517522539710625e-07	0.0	0.00026586051825788103	3.1165595464699436e-06	0.0008362718773423694	0.00013907672768426194	2.586912174592726e-05	1.7000918160192668e-06	3.7504387478115577e-06	8.379691190043559e-06	4.825305227793564e-06	0.0002480969631442065
NC50[5]	2.3042347762967095e-05	8.286644928134912e-06	4.914218146767624e-07	0.000613701013244281	3.692291013980831e-06	0.0007796509400577634	1.9516872284519593e-07	4.4933633034816013e-07	2.4289481889827603e-06	2.0710646941981546e-05	6.224004661474769e-06	1.112567239278217e-05	3.982929658974399e-07
NC50[6]	3.78030813070751e-06	3.384214982711908e-05	0.00018265123743749	0.0005966509212157689	1.535448422175456e-05	0.0004457253814325668	9.717474307890939e-08	0.0	0.0001475995848678302	7.991657594018875e-05	4.5018574059116915e-05	6.900258043202712e-05	9.225352985358093e-06
NC50[7]	8.407305241817653e-06	1.081887813143112e-05	0.00037181061596609056	4.7485610358606325e-05	4.18903291802053e-05	0.0001265673516421373	2.290497178591977e-09	0.0	0.00023009610389493674	0.00012153681166410024	4.2531515941810485e-05	5.930027362140766e-05	3.788425431316966e-06
NC50[>7]	2.4909011131057923e-05	1.0244776821505265e-06	6.466650050331424e-05	5.0711641029899116e-06	2.959290470035958e-06	2.0856081562357076e-05	1.7618762115256814e-06	1.640742430808473e-11	9.276473729993739e-05	2.7389064298550813e-05	6.635887767592053e-06	3.934086325957153e-05	4.064140333825961e-08
BoChr[1]	3.887531514976672e-06	0.015247616257997372	0.01444165445322028	0.01025744994264599	0.011744085583383095	0.0032881899520867818	0.002463353274587767	0.006068079931296793	0.023473738235188647	0.0010344067365100785	0.06920299521852144	0.01883028302197154	0.013195187933743
BoChr[2]	4.1412845888295636e-05	0.023080418029567226	0.020334763289429247	0.00831553798090681	0.008100509698269889	4.314378893468529e-06	0.004175925037707202	0.0	0.004913707370869817	0.0025331102430209283	0.005802191168939821	0.0004450590489432216	0.0029578171542380006
BoChr[3]	9.092899936683274e-05	0.02825244847594526	0.008473772173165344	0.006636028682405595	0.007455896095582375	0.0011668445124318793	0.010739152982201574	7.46805954258889e-05	0.005416053988665226	0.00579702725743232	0.009302761831495445	0.005641442594351247	0.005027516010159161
BoChr[4]	1.1323776163418842e-08	0.006693411104052984	0.00999759280210128	0.0013971997053519659	0.002004851750389207	0.002250182352558738	0.004422709820917649	0.0020628336633672006	0.007827913581277244	0.0043918155657593164	0.02780539966217475	0.004932717945193872	0.02194390822424007
BoChr[5]	4.493765222840507e-06	0.0036043815992888996	0.008027535167639144	0.0010634757602002937	0.00907771548605524	0.004439661341731096	0.001941872580248969	0.008465570251211148	0.003460403409245626	0.005001438567276345	0.04741304305538595	0.009629248166456819	0.006747743953019381
BoChr[6]	2.334154893796958e-05	0.013679789936868475	0.009060235212723597	0.0039726482698517526	0.009782163858577633	0.0033552135917540226	0.005655424876138788	0.0035284703205913457	0.007275312635684372	0.009660422837150691	0.019604657142456593	0.010550004175856885	0.027620903015404572
BoChr[7]	0.00010096500785829132	0.010058458491040092	0.007886707586325734	0.004585920734325555	0.008213606082538577	0.004434246236256172	0.0008247081027366221	0.0007918112690968116	0.007048272784677465	0.0041556216013537315	0.03774210719103546	0.011360631872550186	0.01686281178538536
BoChr[8]	5.255987281327368e-07	0.002999991293586106	0.013515588885201818	0.0006621810733851063	0.0015973183401402835	0.0007108550003410663	0.0011294334958213393	0.0018591180411131304	0.0035280063353911708	0.0019845525616827334	0.003085351909582812	0.0005439409643659981	0.23380265715823043
BoChr[9]	6.321056677016656e-07	0.01002719120355474	0.0018284328252258868	0.0014580943886176102	0.006442477822711226	0.008807559820124879	0.006491008368640792	0.0004687295422627358	0.008762071970268152	0.005279570552579287	0.00504497105255723	0.016827203274824568	0.0006587731471518055
BoChr[10]	2.0620471759036362e-05	0.01000837837869767	0.015479453767184168	0.0025477126042824237	0.002755884594807867	0.0008695654289078902	0.006064756676205434	0.0	0.005660177269746782	0.004468454965390265	0.0015514371477207123	0.0018717974208993836	0.012643674159189686
BoChr[11]	7.405170801569327e-07	0.001646821241693655	0.0067159559531054566	0.0029625705414097576	0.008408625972176677	0.0012301421375013888	0.0009529665981860447	0.012468661177481206	0.008394462783537051	0.009618479493424275	0.019710417230159507	0.05500916280219607	0.03824541579484233
BoChr[12]	3.979725559322134e-08	0.0009246482446178561	0.006250219560263304	0.0008677315174839015	0.010020045742712681	0.003550027684541419	0.0018781406768295062	0.04437773163010505	0.0010981083715887506	0.009588078970783726	0.03735933551099151	0.005171794527268503	0.005753467533204386
BoChr[13]	1.1190461669148277e-05	0.006063574949895007	0.003438148527171596	0.0015592824402847327	0.003989452695241198	0.005606605507201096	0.00559473861620063	2.7640565240290015e-05	0.006191479651315604	0.0010962605391073039	0.0022068600358034016	0.003102459543661098	0.0008283014738653161
BoChr[14]	0.00029252066487231334	0.007255884322680686	0.006834916548104957	0.002176239159944095	0.004766460903483676	0.0036082695827644785	0.001300427050809958	0.002253058971837163	0.004235046998073813	0.001603250381012913	0.00040654188031112424	0.007212851212862006	0.000631345207002596
BoChr[15]	4.69114030743345e-08	0.005794042290654033	0.004752629302092828	0.0008779474448601832	0.0039603170696864256	0.0029101803537974415	0.0008651348611587295	0.0010490398760885	0.008507740005952655	0.0010468615616264288	0.00044438291544793176	0.0070879875964601526	0.00043793364689918233
BoChr[16]	3.3858045741613127e-07	0.005387209826149046	0.005131258477194933	0.004713072892045602	0.005601590017322451	0.005502058381680399	0.00010204582358710467	0.001136548091683607	0.004056945486809127	0.004313494805246592	0.0013475484179798513	0.009902055420679972	0.0008598926945705899
BoChr[17]	1.5839684454679314e-05	0.0009963025892148814	0.0003616027346255343	0.0006079423110529092	0.002802994478188339	0.0025024813086449173	0.00038422444832698856	0.004518210630773494	0.005727694572788238	0.0013584674972806614	0.002021904230114018	0.1363914795045275	0.02873716774688674
BoChr[18]	1.314448840492588e-06	0.010814386023703264	0.0024072760264062586	0.0001891547627747059	0.004084209765715059	0.006992422095288475	0.004531807631083211	0.0011321984270034591	0.0038701012275123505	0.0006626455603438331	0.002685789554961957	0.007953912075032106	0.0007138324913103134
BoChr[19]	3.333358666202102e-08	0.01167441573939641	0.0007752919021187665	0.0021805516125138523	0.006023841465341624	0.005721894401943217	0.0001526504796443362	0.0023762929965796785	0.003887188799062784	3.618625457818325e-05	0.004992180874128849	0.03836252188324579	0.0026021822054462973
BoChr[20]	1.8812695056213967e-08	0.00724242550029885	0.004347807138110511	0.0017554565047729965	0.00656285730886376	0.003346202834713594	1.6460083731462127e-05	0.004366180476660375	0.0024319669176475146	0.00012332154601409683	0.0019746539447965004	0.027237397369171957	0.0024164470658756087
BoChr[21]	8.97151052349443e-05	0.00487455100810621	0.001912215653946987	0.0001499238790711388	0.00039068057845497605	0.004127119823824615	0.0033487381309993047	0.0017142309083283181	0.002612630940639065	9.643684403272346e-05	0.004941624136408791	0.003239086722605862	0.0020400584237359022
BoChr[22]	0.00018925026619143637	0.004755900833151843	0.0005143945937265273	0.0004963500344268824	0.0026109858616109706	0.003482918159206747	0.0018270136331932463	0.00017233153917914023	0.0018291992912465049	0.0006969109228157322	0.0006266254771617241	0.017842502230778337	0.00026212665963612383
BoChr[23]	0.001238535299198702	0.003537917129724519	0.007787162940949202	0.00046685019391588865	0.0021163556358078494	0.0001044483360783488	0.006437602749792859	0.0036796203567064367	0.01669924400281161	0.0007786032662261277	0.011017435785906854	0.0013638985581928863	0.003925289276521682
