MutationType	SBS80A	SBS80B	SBS80C	SBS80D	SBS80E	SBS80F	SBS80G	SBS80H	SBS80I	SBS80J	SBS80K	SBS80L	SBS80M	SBS80N	SBS80O	SBS80P	SBS80Q	SBS80R	SBS80S	SBS80T	SBS80U	SBS80V	SBS80W
BP10MB[0]	0.7382639473676682	0.45824320524930956	0.6739111998677254	0.03479867907177723	0.0015838898036423827	0.001649094326008968	0.031218872172757983	0.01649903292514797	0.047793595993584057	0.10747641159896996	0.04947355372670669	0.003136370632422762	0.04871932571782308	0.012540619873897747	0.016103820472436116	0.03503801540727155	0.0051133572395708	0.08312493577133864	0.0466983310302078	0.015678363883778336	0.009931041313779863	0.026425580192588984	0.09941401412254436
BP10MB[1]	0.0	0.005166828962699128	0.05486207040026784	0.05352822384564206	7.072476611938327e-05	0.003080590611918758	0.0010628539246681612	0.0036939548730424575	0.003403819741524785	0.06604584581102245	0.005106774955056608	0.00013127548998454586	0.00030539395616870026	0.0025114186445716804	0.002199587845680074	0.005959929850068875	0.0003739548183511943	0.0018408832210051627	0.0018306333613924153	0.0010583840398201312	0.0042345389388356155	0.005321185500648437	0.013720429006752966
BP10MB[2]	0.0	0.11521561905741691	0.0034678518937255624	0.047752485417295244	0.0032173358854418054	0.0009145988497766667	2.802596928649634e-47	3.222284489311278e-05	0.03865936839953065	0.017132872228378348	0.053339736892376095	0.0015162683390371966	0.006499685675298679	0.008859134416678153	0.010902525713330842	0.002077807210152969	0.009021516019464028	0.0007076291659359571	0.0015721913656316254	0.001890273493344849	0.0008048757159304637	0.00426827296674185	0.000522023586981959
BP10MB[3]	3.5816760979301422e-09	0.000742660044556942	0.00034444596331766774	0.03397622114047408	0.0019391325503238478	0.00242510372882208	0.00040629707445077656	0.0016331528343660599	0.004013348898237155	0.008741579399390957	0.007841241884598275	8.615645161626162e-05	0.0004814893782269891	0.00216882140032554	0.0016813700084838958	0.004551798275162139	0.002012474574476073	0.00023112673858804555	0.0006959362484616705	0.0007190609409781245	0.0013661295070812685	0.003732582225828622	0.004826636795209026
BP10MB[4]	3.700630291092466e-09	0.004157355542377558	0.0	0.01920966383535415	0.009694585903489497	0.0009536840126708057	0.0	0.0007469337922654872	0.015271649986852936	0.00447174640476689	0.014625606610206888	0.0037454473809225446	0.0015386257364774281	0.001986320594306079	0.005955797114540461	0.003435718393553498	0.0008876581278318321	2.5123668456217275e-06	7.891551842476475e-05	0.0006381321208144186	0.0010501400725661369	0.0022704167803334484	9.659765055403113e-06
BP10MB[5]	2.2192467212800436e-08	0.0	0.0	0.009298946720082312	0.0041493900610839775	0.002285955644224487	0.0011568049292327487	0.0005485260532549318	0.0009654511060853111	0.0008617529773619026	0.0034135084060108057	0.0001584020321178059	0.0001350378159605725	0.0008129063124397363	0.000858236739086351	0.0012683776027481032	0.00030297444810304606	0.0015647479009820132	0.0009781280316098584	0.0003881283764536647	0.00014906950272740318	0.001071158773024763	0.0021498048089279107
BP10MB[>5]	2.6235465149238023e-08	0.0	0.0	0.0014814397173631732	0.028206826569512487	0.010329041026488994	0.015425448454916477	0.001292172063146495	0.002210892186426463	0.0007081566844135522	0.001522077476671484	0.012153820496783681	0.0003459945573007417	0.0024257321052755286	0.00030898025001192765	1.204876811200961e-05	0.00017343774437904357	0.0008215458970536816	0.0009903133584998614	0.0007530754451625149	0.0008789266483799451	0.0003798064263537526	0.0002520965598523617
BPArm[0]	0.10853400692343712	0.016966406321153045	0.04301065008156001	0.0019535905323573386	0.00014997630987778656	3.045237198788231e-05	0.001068170405657468	0.00169438513013489	0.004058879342572937	0.003196060150476683	0.0026786347181769086	0.000131217600511746	0.002322054185049831	0.0012267692988461932	0.0026482981095901793	0.0026584317457309242	0.0007443200194037078	0.0041957296097025285	0.0006263941048109797	0.0016645536291442972	0.0011467298690695316	0.0014140441114544177	0.001372532066195049
BPArm[1]	0.00042302141174566544	0.0009646510253115537	0.02219094938862554	0.00010194246441203703	6.370656162602017e-09	2.7198685081941678e-09	2.881092462986068e-05	6.984234346418816e-10	4.5984023699929823e-10	0.004730776079849761	7.804261770161247e-10	2.9082283494474835e-06	2.8788046577687965e-08	1.401298464324817e-47	0.00039762305251365147	0.00034122879633287085	2.802596928649634e-47	0.0	0.000518195522112137	3.590862377009785e-06	0.00018305477166745022	0.0006751444563269615	0.002214143266901374
BPArm[2]	0.0008226331184392422	0.02119104712852277	0.030546675748009875	0.0	1.1574906699785004e-10	7.846665539545939e-11	7.783649757904243e-06	0.00013175694680580538	0.0001803729387114661	1.152498736742562e-06	0.0001132544611409303	2.802596928649634e-47	0.0008386067056051161	2.885719041501034e-10	6.420233602852931e-06	2.1540257421293064e-07	1.401298464324817e-47	1.7839400503447677e-05	3.0327142994441835e-05	5.830588065691699e-09	4.7410288589624374e-05	1.401298464324817e-47	1.6152507258393457e-07
BPArm[3]	2.8765262167773643e-08	0.002364376344002039	0.007060482889519051	0.0016248296193953138	3.5117701584397307e-06	9.097893780563027e-07	9.137021170317893e-06	0.0	0.0004582182481324182	0.006389011125756952	0.00016277322489983704	1.9978143336807363e-05	0.00010829647164797506	1.8838721136518242e-05	0.00023804539534751256	0.000384950657767007	2.9816481038373865e-05	9.927673526760828e-05	0.0003684112712112053	1.6324312018269893e-05	0.0003815632294029925	0.0005090672764072224	0.0014790746997289262
BPArm[4]	1.1849105017169847e-08	0.01763986519147693	0.0032246516813756896	0.0005249204997198831	0.0	9.844920714385807e-07	0.0004509589265118308	8.345601247699009e-05	0.0015113620895317581	0.0011984488793687163	0.0010875468419988888	1.401298464324817e-47	0.0006967462308541883	7.10598738780277e-05	0.00010758776530565228	0.00011047700026040275	6.905308055138448e-08	0.00014901056973030792	0.00015246846850686785	0.00022979724587887773	0.00011912691963204155	2.7843832157259385e-05	0.0005645834991736365
BPArm[5]	3.578909700152621e-08	0.002682490329025313	0.0012443504127440973	0.0030869849747757173	0.0	6.840100395493209e-06	6.305818081862924e-05	4.014639210637938e-05	0.0006865013357379013	0.004508822013813188	0.00038959962580648267	5.295078153721988e-09	0.00010118632884996259	0.00021312135687587386	0.00016762002369432593	0.00032312501311906774	2.1435045341604563e-05	0.0003565440068268799	0.0008440808577219628	1.3526104775678504e-05	0.0002491061061743949	0.00040699098876193494	0.0008658921907704098
BPArm[6]	4.4706123425442e-09	0.008823606673395261	6.227362732602159e-05	0.0013202252612973097	1.0214536973121988e-05	7.102519903128268e-05	8.296362215025388e-05	0.00028518131501215294	0.002481546566762063	0.0008391631038102787	0.0027906728506786748	0.00024314602196682256	0.0005862681151491778	0.00022973851778523624	0.00019819575457838328	0.0006764514217837814	8.167528706565008e-05	0.00018877020558079492	0.00039384003741801623	0.0003644426738102879	0.00030580818380258277	0.0003334549596638681	0.0013853143766527866
BPArm[7]	3.436864654204896e-08	0.001520063289135578	0.0002472524522454478	0.003430302196572015	1.401298464324817e-47	9.840269991405632e-05	1.9852873248780157e-05	4.557997490337584e-06	0.00038685746545448653	0.002547552463061038	0.0009462027658446459	2.8799676048385513e-05	0.00011614816973015251	0.00010176024476010085	0.0009083224320056615	0.0002920952337990457	8.86665823654198e-05	6.834420900229787e-05	0.00039266238931077167	9.549328053253702e-05	0.00014069321166090276	0.0014586496614924726	0.002299912802012543
BPArm[8]	1.743833610734491e-08	0.004291354697197675	5.394711927344531e-06	0.0023920458916109064	7.237075809825911e-05	8.526379819613794e-05	4.435215087141841e-06	0.0001953969972328906	0.0019686688310048338	0.0005363588027557853	0.0023798923264212136	0.00010198952867234095	0.000375084516911948	5.64668593483475e-05	0.0003169878477092425	0.0002508308371818657	0.00011451060084482378	0.0005256656870221832	0.00015944376890598023	0.00037595778415152383	0.00014478352867858035	0.0001180845826456789	0.0005043098640337007
BPArm[9]	1.7262653996548883e-08	0.0005776816177615274	2.0231736343703232e-05	0.0025992847997622446	6.665365781373111e-05	4.157871857873611e-05	1.0702445729293686e-06	6.201010980172228e-05	0.0007271421867881144	0.0013623293795649262	0.0014267306056717644	9.771463727386021e-05	9.131841658316375e-05	0.00031814968190551284	0.0008923697842908496	0.0003482514007680493	0.00035981036953614876	0.00011225302621568289	0.00011801116070955686	0.00026790237109578175	0.0001404325374801374	0.00022957520281465804	0.0015769579795005483
BPArm[10]	2.2820935270950748e-08	0.0017355913593200968	0.0	0.0021799570201255845	0.00026602036488156957	1.3658867892445415e-05	1.0492538422113285e-06	0.00013081345020111713	0.001577625080285543	0.0005275981767616411	0.0024431501975050196	0.0002148425749692251	0.0002724334282385854	0.00014328466142540463	0.0005207620970637094	0.0002753880517639118	5.204522033182002e-06	2.7631313227800546e-05	0.00026338772938970577	0.00010729056412742466	0.00010870568619850474	0.0004591681157757152	0.00010179076240490303
BPArm[>10 & <=20]	1.7212106426587444e-08	0.00025850228827039245	0.0	0.015249476283788681	0.0032650946097374156	0.0006270406891417224	2.611575787113907e-05	0.00029160227399300354	0.004857011294152471	0.0015695125683681966	0.008802971327095293	0.0022077150189772966	0.0005639396143953945	0.0010811500935528785	0.002071453782837125	0.0009190354482484508	0.00020757950296570015	0.00036642048045450794	0.00022853776667176363	0.0003473500518708761	0.00019313852524021512	0.002277899701859951	0.0005508481609987825
BPArm[>20 & <=30]	4.0153157878641824e-08	0.0	0.0	0.0021672874689102175	0.002981044219559408	0.0016739784580775009	0.0006029135259586838	1.0398561219737701e-05	0.00035053553116910053	0.00033100019327200416	0.0010978432697993411	0.00020492197177727434	4.422343063254175e-05	0.00043901858032540986	0.00014285658058270202	0.00022023133355219215	4.132298390686628e-05	3.8632082626008925e-05	0.00013122008661468952	3.675033653848914e-05	7.765375213068637e-05	0.0005509487220726328	3.83819480339298e-05
BPArm[>30]	6.958214800789619e-08	0.0	0.0	3.046219702810049e-05	0.0035759735747706144	0.001289497120078451	0.0029347451822832227	3.66329432971213e-06	5.801215045210029e-05	4.214033368043602e-05	7.699463167227804e-06	0.0008897487985776031	1.8206885277720632e-05	7.524446467868984e-05	4.349380265921354e-05	5.864820466570326e-06	2.0743511340697298e-05	3.009518695762381e-07	8.575938800788663e-05	7.341753200904578e-05	3.2032519030735784e-05	3.2983421187964266e-05	5.474139034049585e-06
CN[0]	7.228488921029452e-07	5.385199403567853e-05	1.2114544367669566e-07	4.801230069544915e-09	2.802596928649634e-47	1.401298464324817e-47	1.3683065416270069e-08	0.001006246215555188	0.116707389103492	0.006791297286994791	0.004244355489158647	3.1108747009511716e-08	0.005236654492201538	3.1245619425135374e-09	0.015252573901519871	3.411251373819368e-08	1.719930040167128e-08	2.9196878017501147e-08	7.415791962101321e-08	0.0021017414602345972	5.552129415775653e-08	5.1932719467895394e-08	2.4406528358746875e-08
CN[1]	0.0010135641289042362	2.356778079359856e-09	1.4038917572282314e-06	5.984360770344033e-05	7.55664813809176e-06	4.203895392974451e-47	2.802596928649634e-47	0.3852857258915901	0.032601279276582025	0.0031341196338471188	0.0183893642019307	0.002604183582918176	0.0037280463972192922	4.428540378853541e-09	0.008554329737072947	0.0010636602933277572	0.0006883732974529266	0.00028001238184345784	0.0005722427674002972	0.0018544414324191583	0.0008101374356149904	0.00031206702553023767	0.0014524427274832873
CN[2]	0.009426696909855415	0.022874945054137272	9.627561084926128e-05	0.006401117821674176	0.05063203188208377	8.011019413288716e-05	0.00064293502131477	0.22232675389677753	0.05317918842543021	0.013663582496672369	0.004465904594618519	0.013671789307919704	0.7330561801791191	0.0010232628606193226	0.01007891516615788	0.003169414641742634	0.0010249412836554515	8.699690695989379e-05	0.0014091000303247468	0.004115013183168268	0.00863643639117365	0.00032983546905597906	0.0012232918451369472
CN[3]	6.686231282193589e-08	0.0009524344283090613	0.007807193631306291	0.01801922244320167	0.10450131801795579	0.0005067749853261044	0.0019652331934776157	0.0	4.203895392974451e-47	0.25251767789945007	0.034990381732939994	0.011945362162603857	0.00096208408243033	0.10031219856428807	0.014983734629217905	0.0226929855783834	0.05981692712681252	0.07004130093017587	0.02516676906819967	0.06256507217958586	0.030333357646370587	0.03673552350034523	0.047025046714937846
CN[4]	6.620542242208316e-09	0.0	8.237227730928165e-05	0.0012720368905324618	0.003480815603425587	0.11610984290869282	0.0036928238868131303	0.0	0.01204923886624556	0.046034613971654606	0.006542133043429717	0.0019252235140225793	0.0006363028740361187	0.28248459905633355	0.016188571842908884	0.01703663556021514	0.0029170350444491676	0.013155499227197186	0.03553201071892431	0.01712918450130502	0.015857813671764108	0.018362577290585592	0.01606608735874777
CN[>4 & <=8]	5.359361399115414e-08	4.355798068900185e-09	5.179469653171508e-10	0.0009028454693461541	4.945542855239182e-08	0.30945573274155236	0.047159907753961644	0.0	0.0007707628376344644	2.5342579076603753e-07	0.07224191882827419	0.0016556910616921528	6.930160216711556e-07	0.018857149473647822	0.009361037498713216	0.0029523827754714916	8.192927366508229e-06	1.5407533622351368e-05	0.0007859864294501779	1.1470142372260738e-06	0.00020442392974537427	5.816253675429815e-05	2.2903128562035137e-05
CN[>8]	1.545805777114495e-07	7.981278153934568e-09	5.034399137571199e-09	2.461028747563221e-08	2.370747829161246e-09	0.002858575289442342	0.20933832511305808	8.900435943814955e-11	3.5237406041943586e-08	1.0328239596901766e-09	0.00019888092605004458	6.924466760205305e-08	4.840049783183531e-09	5.094013562967348e-08	1.7832729668043612e-07	7.042102747600864e-09	3.099505519799095e-08	8.376131130916064e-09	4.285284131103758e-08	8.242116251722109e-09	1.1201969677276935e-05	6.359634710406681e-08	3.248840343417214e-09
CNCP[0]	0.05010182101279497	5.700852483415968e-09	0.00022138745495340118	7.824307601822511e-10	0.0	0.0	0.0	0.0	0.0009878145675351392	6.144463084638119e-05	0.00013866622050461074	0.0	5.248744247012382e-05	0.0	0.0002344160433858633	0.0	0.0	0.0	0.0	0.0	0.0	0.0	0.0
CNCP[1]	0.0	0.07502382862847298	0.025017839760088235	0.22552698597311974	0.33942912325263025	0.019117016010212543	5.6480425409972665e-05	0.20344745375576168	1.6815581571897804e-46	0.11122976141588588	0.0003874065270519367	0.2975728896260261	0.020352179799228907	0.0023382529243826866	0.009409456268406545	0.00616820678114891	0.008273556895728689	0.0018572335690259934	0.0029581607552245258	0.029510365474270658	0.028199459686875344	0.005137482658028622	0.009703751710154683
CNCP[2]	1.3107096787923212e-08	3.257664161537832e-08	2.7149290104944156e-09	0.001446841418633653	0.0001676582545042038	0.10751957305823077	0.0014920134288641065	2.673421128918108e-10	0.3161398088089936	0.004669109674670082	0.01909173896356805	0.022418020937220718	0.004593444326525571	0.1811808614279869	0.0024796070961275517	0.0025655774959247426	0.0008295068888242118	8.157216549037116e-05	0.017434512442668516	6.029859832779038e-07	0.019702247814246076	4.973496515958748e-07	0.003915611168303599
CNCP[3]	1.1799690952662979e-08	1.2848225061645735e-08	1.399088347397992e-09	0.0034558267087427905	4.150740235207451e-05	0.036622411855496466	0.023446672721765937	5.369483688610928e-07	0.001656537091394803	0.0011227303539362765	0.11625357128679753	0.005042901201759378	0.000307515464524073	0.004644182066746225	0.00012093008631637758	0.0011124644590566402	1.669923801728146e-07	4.3417669223728694e-05	0.0009491864221237733	6.165569510798719e-06	0.007479633103486662	0.00014447950183466674	0.0018619278906197678
CNCP[4]	1.2772979893493909e-07	2.3517785052717956e-09	7.589556238586364e-08	0.00043810403207316994	2.258700769175448e-07	0.01622512548134978	0.032391069009900096	1.401298464324817e-47	0.0005332019302906055	0.0003321955096907914	0.05577414890751243	0.0010458644584130639	8.291694851898512e-06	0.0003419346838899173	3.413239864268868e-05	0.000227893751175543	1.4012984643248171e-46	1.1953315400603515e-07	0.00018766090495972334	3.547584340935828e-05	0.0001344600417678521	9.43974966390585e-07	0.0005174687637558151
CNCP[>4 & <=8]	1.3459898442036434e-07	1.57603804762374e-08	5.837152276200186e-08	0.00011866817330362878	0.0	0.0010193729082769564	0.0965084508806467	0.0	1.6800001532291844e-08	3.5543107816948806e-08	0.05890773209743202	0.001001124122811845	1.872887699150283e-08	3.5735399706027236e-09	9.103955793676733e-09	5.248451370540863e-05	5.8461088769945494e-09	2.4974605778993464e-08	3.06115242665328e-08	2.9677068145161913e-08	5.106014114630852e-08	1.0644714421914614e-07	6.952795498269104e-05
CNCP[>8]	2.4256842159786627e-07	2.1398393934557447e-07	4.97983974856453e-07	0.0	0.0	0.0	0.09611000053584576	1.563048955111057e-07	1.9051012829507386e-08	1.713235864286844e-09	2.2242750605805384e-08	1.0668911761158028e-07	1.3760342585315832e-07	1.1230825558428136e-09	3.890538973365665e-06	1.9233678049338129e-19	0.0	0.0	3.97194393642053e-08	6.860896313298781e-08	3.00349329260996e-05	2.7376690923119897e-08	6.370640903696767e-10
OsCN[0]	0.035066297150216946	6.51658233255148e-05	0.0008463759067084151	0.04016258928157922	0.017675049251937035	0.10903563756961375	0.17533957343548537	0.0015446031478187601	0.007956463115115185	0.01855925426566846	0.01611551099049393	0.011390018766240293	0.03159655830822885	0.00903654420548016	0.006644790736027063	0.08184635305829494	0.004295417449130475	0.025148417175140648	0.16539819938810432	0.02212146893040623	0.054989115067676016	0.015968422206318663	0.014716919001472229
OsCN[1]	3.3142168073814945e-05	0.054041834976524115	0.009404657770066127	0.026138102007098495	0.012082434104839238	0.03404931388795376	0.020177997229620815	1.6531302826479077e-05	0.0478425981849432	0.024807464524637907	0.107939662784338	0.03850225223693997	0.012560195754657213	0.02182438367162831	0.026418624108040748	0.00939158497325477	0.01726009325357154	0.001910562439162155	0.011002399267745204	0.019108777638402616	0.033699886644110534	0.014619424723042364	0.008292363769150095
OsCN[2]	3.7610505554397375e-09	0.00014149010414266335	0.0014996473973906176	0.01159916769272968	0.007595208113780245	0.009261294468014967	0.004373585839493899	0.0010198365881799987	0.0027032715372161363	0.00965364412016501	0.00018025182988919364	0.007902362170862034	0.0003967554125268258	0.003432511558639826	0.0017475665405063978	0.002534389746963939	0.0026562011345050663	0.0035555880523503447	0.0049309621549703305	0.0014252567453198139	0.004567271229471998	0.0024073042030784476	0.0069239745496001625
OsCN[3]	1.979811559138511e-09	0.010369455476757139	0.0	0.006551379847805947	0.008289141841232776	0.0018368437072789556	2.2557005577255042e-05	0.0011814564284386147	0.01334652261226438	0.0017204437319023923	0.0018554954516002908	0.01459090826101601	0.001686078363355774	0.0032903583366297087	0.0020348267262920673	0.0006063578613694277	0.0010798322866412532	7.003057195106521e-05	0.000294153786944662	0.0023160124257685768	0.0023594995870037747	0.000609680624313275	0.0010215296475053037
OsCN[4]	2.480407313987243e-08	1.2490714398154524e-05	0.00012166736894869245	0.003393262089812197	0.004546268671983853	0.000937280713369546	1.6158805738086812e-06	0.0016356220296040646	0.0003283781894424465	0.001808125252867967	0.0	0.002501124808768509	0.00015575123713134075	0.0008658750920562908	0.0006474415250704624	0.0006050958873811396	0.0001785055581422057	0.0005571027624500857	0.00036843257337750403	0.0003546710803553397	0.0005267375666164753	0.0002862483160083684	0.0008702045679001519
OsCN[>4 & <=10]	9.71746916156313e-09	0.0008387862247925767	0.0	0.004061058648512699	0.013310920190997421	0.00011275954893419038	0.0	0.0062643555627548385	0.004443915663287044	0.0016678329891758636	1.401298464324817e-47	0.007259241909783545	0.0005110511175351188	0.0008725902395416035	0.0002502071684580187	4.5634564012289045e-05	0.00016141269263243884	1.401298464324817e-47	3.008982806932181e-05	0.0009874949814138744	0.0012543170219851162	0.00018953066221968128	7.800301067284465e-06
OsCN[>10]	4.044955939530581e-08	0.0	0.0	0.00011664691650572934	0.003072592816897668	2.2474996796972847e-09	2.920040087783793e-09	0.002284573647556698	1.35141404417638e-05	0.00010584437935904134	0.0	0.0008765667674015276	7.490587446971862e-05	5.519402857721012e-06	3.6268082434798285e-05	0.0	2.1660460624843836e-05	2.8612263527350024e-08	0.0	0.0003090478436635635	0.0002422811258966462	4.782170207512593e-05	3.0178978340700267e-06
SS[<=2]	7.740991961213695e-08	1.401298464324817e-47	3.354056521480686e-06	0.0	0.0001000620303878108	0.0016456263867507914	0.0013875841384287924	3.3611714908943213e-06	3.6358554352773355e-05	5.1988687079074226e-06	0.0012445425789337605	0.005741070463293454	0.00045914200177094244	0.00016878308907706697	0.00010953241154396665	8.0140920326815e-05	6.89195931863651e-05	2.583977925041836e-05	0.0005585320534169113	0.0003998650931004027	0.0004220729380620014	0.0001897802339021837	0.00019172870608599624
SS[>2 & <=3]	1.6446580329620987e-07	1.0731013411202639e-10	6.898533836396936e-09	0.0	8.079304472008886e-05	0.00017104407696475477	0.0018063374940811628	4.359139893495012e-10	1.9683641552248333e-08	5.605193857299268e-47	0.017770075404074853	0.040190124844666573	0.004007479772239387	1.5714509624360568e-09	9.666111285184798e-06	0.0007410587354024756	1.3478912848086111e-08	1.401298464324817e-47	0.0002638948543573605	1.1846759662148542e-08	0.0030064202970385167	4.203895392974451e-47	6.873421555269487e-05
SS[>3 & <=4]	1.1682675384649954e-07	6.956262588175833e-10	0.0	7.186916928558773e-06	0.00043009795357882295	2.9365799855440854e-06	0.0001589012753906125	2.8934658175581163e-05	6.146586788226313e-05	9.147012171695223e-08	0.06456542100175533	0.1875056233637406	0.016945692945434417	1.3735151497940022e-07	2.2101767768846499e-07	0.003211976961570765	1.032218486663794e-05	1.2046414699114786e-05	2.1567917656284408e-08	3.745328552042793e-05	0.012951674251043812	5.4866964376287795e-08	1.2001329423583229e-08
SS[>4 & <=5]	2.830139274045962e-09	0.0028641998289081995	1.401298464324817e-47	1.401298464324817e-47	0.05964655610231148	0.003436350158345082	0.0540752493776381	0.005986725994399933	0.043888395837416286	0.0022803322062827647	0.00433524078456685	0.2504602435976267	0.005497703664004803	0.011092388711672391	0.006754502116939136	0.0005290978321500006	0.008252377836620327	0.002223023909750768	0.006558500182219405	0.045325801357115836	0.0929971631630724	0.018198307604097883	0.00018988760203399126
SS[>5 & <=6]	8.183090871582977e-11	0.003046495912130922	0.0034124293005424987	0.0071731039974848665	0.21973184771835805	0.08085813804631471	0.11093954753130675	0.07088599256905087	0.05057552055164706	0.007232569445787932	0.006187021990141108	0.005166318696000244	0.0031254657777026297	0.04047226852907272	0.0033424099162220953	0.000503965149638077	0.0020645695552229883	0.00946235298302903	0.016834654412016547	0.00499615637789188	0.006893610566540931	0.004532381459476316	0.01444485845615864
SS[>6 & <=7]	1.557179718503221e-11	0.0015989538980647922	0.0009769669388447256	0.2570563843101263	0.0663332342170179	0.0380174921033904	0.026465530898422004	0.018759297208472425	0.06591237508691847	0.04461497444276301	0.10139584405624986	0.00011561186984181404	0.0039044392667710783	0.0257406288334768	0.012212938379961997	0.05040146431719214	0.013402630184045576	0.0138860933907563	0.019501665436497298	0.011992542800656479	0.011461799661801705	0.018543068085825905	0.020140117370673467
SS[>7 & <=8]	0.01622454651631415	0.15044606529176235	0.07432381398975849	0.06706017763353884	0.0017130819008149554	0.003637683655705729	0.0005168128025093621	0.010117016119766049	0.03948310531151947	0.06591521841719503	0.041023462608114375	0.0031603024580245244	0.029277891399166728	0.022524239147361253	0.043221406455200936	0.027069434901366093	0.031100778655475222	0.021516276758780376	0.01006835753530408	0.01437270717847048	0.00796239300398156	0.02808413473656401	0.018977341737723256
SS[>8]	0.036866919411868364	0.0002892235878369398	0.01686365781177301	0.0	7.749574133519843e-09	3.4062305864779316e-10	0.0	2.198522288665572e-09	2.802596928649634e-47	7.116187106248617e-09	0.0	9.326836227785406e-09	2.8298841243667993e-08	4.0602018414048754e-11	7.489682539324953e-10	2.345796303870884e-09	0.0	0.0	2.9027435921591403e-08	0.0	5.0036358416605254e-08	1.1009354636826174e-08	6.820185131317658e-08
NC50[<=2]	0.0014063709205947817	0.0	4.033651634927082e-11	0.0	5.218689578256886e-09	1.6798241624371714e-07	0.00010261937517650033	1.9321051947240874e-09	0.0	2.473751781195688e-10	0.0	1.2971513378579046e-06	5.444882678062868e-10	6.193508816920713e-11	0.0	6.347097284162828e-06	4.858452110632072e-06	4.003169919997162e-09	1.8300075145845083e-05	4.161587034978709e-09	3.9875855665627566e-05	2.931116386051258e-08	0.0
NC50[3]	0.00048482472775503995	0.0	0.0007043404117575846	0.0	1.4089238006900762e-06	2.777721164193281e-11	7.361803089697027e-05	9.250038551149587e-06	0.0	6.74774928484112e-06	0.0	9.237758850739239e-08	2.105408348143101e-05	1.4617605792466292e-10	2.35073550888254e-06	0.0	0.0	1.5842643747987495e-06	0.0	4.468987674579594e-06	1.8177723799635003e-05	2.7095835723400795e-06	2.5426770089861383e-05
NC50[4]	8.938915171452066e-05	0.00012890283417618775	0.0014460618339944631	0.0	1.753996845536676e-05	8.286095612675126e-07	2.0479820625789457e-05	9.498330949054084e-05	7.04849444446154e-07	3.6715075839310883e-06	0.0	1.2779490280081518e-05	1.4953235131685006e-05	0.0	9.229831121047028e-06	2.105911473222477e-06	0.0	0.0005159510538553569	1.4225287103286632e-05	6.4779102558532035e-06	9.898251591948793e-06	0.00010878207800757878	1.6479578625876457e-05
NC50[5]	1.848551293985423e-05	0.0005692970066502312	0.0009172509325435385	1.5054219693411141e-06	1.5022709629874953e-06	1.881092922104699e-05	0.0	5.7430340483222155e-11	8.302586713218041e-06	4.800311573475824e-05	0.0	3.469641087576747e-06	2.6225927202858658e-05	3.199444795272566e-05	3.2340489225362036e-05	8.790710959067915e-05	3.806297056144103e-05	1.6168590809684248e-06	1.4386898722023033e-05	2.2386317654365938e-05	2.7365261748428792e-05	3.768853134900496e-05	7.143028893551673e-05
NC50[6]	1.2336699746988699e-05	0.000799856168741826	0.0001275061318593629	7.837680477607023e-05	2.33608534472296e-07	1.649871048357454e-05	0.0	0.0	5.151076419679157e-05	0.00047398505203688046	8.684091939358041e-05	0.0	3.250154261024818e-05	0.00036758753394813934	0.00010855551618368154	2.0965911995034505e-05	1.8739934199274445e-05	0.0	4.331243521846773e-06	1.9145573605783284e-05	4.369695408968255e-05	1.9559793581720442e-05	0.0002856843053945113
NC50[7]	5.9794956447944965e-06	3.96321740643657e-05	1.291232835860967e-05	0.00022776262384695655	1.0915311395365279e-06	1.957647764356807e-06	0.0	1.1327275188932617e-08	0.00028938582964293857	0.00039900044326998343	0.0002434284615674187	1.8886851194110932e-08	8.744547320844731e-05	0.0005101331553851196	0.00029214204225795013	5.3596520758105725e-05	1.6241175762843342e-05	0.0	3.917772168904321e-08	1.881125965155661e-05	7.157464295797666e-05	4.444567689365187e-05	0.0001203308691805205
NC50[>7]	2.380328991080205e-05	7.075265875755576e-07	3.1461756198325476e-06	2.7033855677341957e-05	8.468481915713256e-11	1.4942479475976713e-11	0.0	4.533685877987637e-06	0.0001301248778167441	6.581260483003337e-05	7.860073840339602e-05	1.461590137807889e-10	9.403811701531594e-06	0.0001088789366778431	7.427137617551871e-05	1.3741370857913716e-05	3.196035985965295e-05	1.277680805600312e-10	1.89400261284689e-05	5.760194078954229e-06	6.307178541884007e-05	4.158945673846226e-05	0.00010957969229682618
BoChr[1]	3.397963812504951e-06	0.000373492631189416	0.00021878421238433532	0.002872898762214281	0.0009844643869568875	0.0030287690983115388	0.0002490579973745252	0.00020483612228698058	0.0007037125447659007	0.001139970536842351	0.00461654160980219	0.0024536457889355835	9.354560321890928e-08	0.0016749421178177252	0.0006356291877366429	8.665591315025978e-05	0.6859148715436458	0.003826939402989879	0.0008959680086320133	0.0002313289772944274	0.003945055401055869	9.532655138331314e-05	0.0002002275340699081
BoChr[2]	1.1446657324452048e-05	0.0021979632309902897	3.500331460600137e-05	0.016916465069024618	0.0021551130516810945	0.013171220841759266	8.283008767762112e-10	0.003410563983558177	0.005046036282368505	0.006693067301191604	0.001786516008281751	0.0005221737262427339	0.006201306725062112	0.03512174553937689	0.13591972395018953	0.017791363914989113	0.006663514375162549	0.0001579173859727234	0.004767316016368568	0.011557622265266403	0.011645995271436149	0.008900310124736278	7.820768223609776e-07
BoChr[3]	2.460764717823527e-05	0.0008956595713606319	0.0001816862320748669	0.005911614274684913	0.001335680258665377	0.011597179173041263	0.00012208530786988802	0.004971157188131846	0.004832108287100603	0.004413989372975795	0.0009136134676902508	0.003230284508555235	0.0004811465808383275	0.006957000150193937	0.30433210325758864	0.020371040220740183	0.0001570066604836029	1.454088192076597e-07	3.82909905018991e-05	0.01305685070214409	7.038282978577115e-05	0.0005708324494677442	0.0001676192226659623
BoChr[4]	3.568991000180155e-08	0.00042037823767172356	0.0001310110881479476	0.0024674224059257456	0.0003538122757799274	0.0027294998881273575	0.001243379262998321	0.003381330282664752	0.006935168911648973	0.006957242274601694	0.005867712759213881	0.002475760594420633	0.0020032115334966604	0.022943844140083113	0.02456706442845583	0.055255981489950055	0.018026184924164766	0.012704170736188623	0.011145215070190173	0.044398256798735394	0.051804037923579925	0.0025763526973457828	0.012415578862719413
BoChr[5]	2.9611201177370816e-06	0.00020325227307798954	3.950196454196586e-05	0.0018999079900699884	0.001515579700545837	0.0007628940567189233	0.0014658643702194745	0.0009761350660756518	0.001981875360668328	0.0018386388833053146	0.0023255354390078133	0.005667754366940692	0.0021935787744063974	0.01643973930843319	0.0426003270710061	0.011692917835948294	0.011448225520541054	9.003727131226213e-05	0.004574775243695477	0.17033094263040222	0.10595666399863722	0.02013204638280694	0.012085926526150849
BoChr[6]	1.8204833347867933e-06	0.0001757890926087491	0.0002662528557036126	0.0025145100312085945	0.0016066909900675447	0.0008294868028373357	0.000251186580303715	0.00084415736624039	0.0014826112964988524	0.002063561407112298	0.0024906669228418644	0.0006700878687217105	4.3384215567598974e-07	0.01095942212365474	0.0002258723438887067	0.4565755196487817	0.009992720393531086	0.0027652823546528205	0.003993430658911699	3.0095029344446854e-05	0.00022687220442379463	0.022140440619946123	4.263056157484888e-05
BoChr[7]	7.4109506850073e-06	0.0003829800309671727	2.5582517351017132e-05	0.0016132771704959557	0.0014340076086452017	0.0029079891814190306	0.00010186948353412495	0.00015023493559981042	0.0021462908326425278	0.006803991247175239	0.000782210215723396	0.0036979473016031505	3.47335849744636e-05	0.008258262470753121	0.01616257962699301	0.005435166825126299	0.005909377741103149	0.004912917357852179	1.1627199734251891e-07	0.36313249936566533	0.002387230507052065	0.03182187214360898	2.940004634500591e-05
BoChr[8]	2.392026125974667e-07	1.7435405149690554e-06	9.133257420437246e-05	0.001995446362765504	5.283052045044378e-06	0.00037076920408178	0.00022682234400412958	9.76580658020393e-06	0.000251229142889247	0.00012065628136217132	8.352499997538455e-06	8.90774626772187e-05	4.7872768555860845e-08	0.0005428559497592303	0.000290784468569493	7.597601520282928e-05	8.071508082062418e-06	0.667835443019867	3.9356154234993105e-05	8.251395002530177e-05	0.00119380432822374	2.038404222138324e-05	2.8565925893753013e-08
BoChr[9]	2.79222977073168e-08	0.0005516469880796773	0.0006140949950895447	0.0009776014671886025	0.0017242462895140742	0.0033191808711228532	0.00013088159323316974	0.002696382260753769	0.006013081261486066	0.009440035033285596	0.0034790455903302587	0.0006936027901093311	0.00023731749001569823	0.003964263925279239	0.03764270660540426	0.01155925964578877	0.00533713445545061	5.850093436926329e-05	0.01267318101740159	0.02675788954148281	0.004451629107407769	0.0006516611505020364	0.1580849772953364
BoChr[10]	6.6290011435632405e-06	0.00102594144615773	0.0007288517306632116	0.016736833521615608	0.0013083654172862096	0.00240655786092411	4.0958767044685375e-09	0.0051044790435364005	0.003994723866817722	0.008171329409200113	0.007933537892240565	0.0004143010888038745	0.002370448878465803	0.03312113345601574	0.03378972893464379	0.01738032053135779	2.859516371245263e-08	0.009556240378145588	0.009002558032518095	1.3468046972633374e-05	0.0037199142148347164	0.00686089015692815	0.004718304774723947
BoChr[11]	7.739145649177103e-07	7.765294135523959e-05	2.7746718470389455e-07	0.000887328914507477	9.822896223585787e-05	0.00064888307544771	0.0005865043902207152	0.0003076373188716497	0.003614544152245521	2.0913717349273496e-05	0.0010686243619584706	1.8009025704857073e-06	0.00031063020490587796	0.0007894385097753859	0.00010787717170223705	2.4781342325533557e-05	0.025726371514695635	0.010394282826578047	0.0003820720279845742	0.00017019735703366175	0.01316030689757385	0.5279162798542529	3.964937604526655e-07
BoChr[12]	3.164053501475417e-07	0.00010681328223505204	0.0004139055840750316	0.002874710685295696	0.0013445186054259705	3.962380156366407e-05	0.026320492318224354	0.0022217105676462937	0.003833510189489635	0.012525264669352266	0.00012512982836915043	0.0018526426605097912	2.1594762031895697e-08	0.006693761259956704	4.993813875700409e-06	0.0007722296030541961	0.003476716546035479	3.346019754602633e-07	4.3765259828296985e-05	3.302147376142983e-06	0.36706242203712464	0.008177562626020842	3.838812716487894e-06
BoChr[13]	9.662747271566019e-07	0.0006235476690384472	0.0021275776585359197	0.0021806841088982763	0.001631350699473444	0.0014714869228191674	1.401298464324817e-47	0.005213540122883842	0.0013916251491480126	0.00547292674935667	0.004650512725535805	0.00013491500460077076	0.006033288662438281	0.016994060411931855	0.012401988695364708	0.04011426126780236	0.002621020703809336	0.0002514463486676277	0.002978445871021904	0.004623415618867739	0.009307814828195794	0.009238245954038575	0.021276119740846297
BoChr[14]	8.401966130214378e-05	0.0007559400544184669	0.002199215741433136	0.005645063830608592	0.002881561493281235	0.0030473466414660776	0.0004485799179497274	0.0006861620661743295	0.0020626887365190784	0.0041621117112488545	0.006324886930572973	2.062289975583553e-05	0.004332335924641101	0.012955054091708655	0.017991209461463643	0.004403561719245772	0.010516098909559162	0.00020301691135529154	0.01619248299257606	0.008210471720833255	0.016785080323071497	0.01695258038512236	0.023539178845121835
BoChr[15]	3.025048344262871e-08	0.0003461034166895333	0.0007714672671716016	0.004200650164926145	0.001305905346949281	0.0027236344186067642	0.00018848049885757944	0.0007612823372949151	0.0012523096842559866	0.003534045429548769	0.009400482346536591	0.0007944762911959913	0.0016267157413503953	0.010559544308807461	0.015146855671977022	0.00269756073613749	0.008413337519896657	1.1657942877718596e-09	0.012199049271193871	0.006182684102252551	0.011771389266020832	0.008451391870330553	0.024578632635109444
BoChr[16]	9.276983351336199e-07	0.004346404098905623	0.002788217610764434	0.0024000006317501056	0.003725494259608695	0.006338045306886499	0.0003796509579101232	0.0005046507822417182	0.006855999112158615	0.018663359491038135	0.0057656315765417954	3.236533697486257e-31	0.0005107681781373686	0.007909452113235602	0.008245863466386475	0.0032079609903902908	0.005599711090326309	6.589714030269533e-05	0.006176993257082132	0.000547386892897308	0.0006841145421418559	0.0065917099069338295	0.010180202444666974
BoChr[17]	2.402950442004226e-07	6.184246415438465e-05	3.044777003968768e-07	4.227137998615046e-07	1.1200358186760362e-07	6.4154155843427e-07	3.222596580389623e-05	3.3195761900994826e-05	7.459679703837465e-08	0.0003004086035460726	0.0003184295503141941	2.3726070812699958e-08	1.0367113966158824e-07	1.335169116180765e-05	0.0001886523299149323	1.9345424085197477e-08	0.01206606718932334	0.02818424918774853	0.47014445952257927	8.569262568806913e-09	0.003278459694505682	0.04782738898109582	0.0005630274583624799
BoChr[18]	1.2573425624440305e-07	2.4439914358964643e-09	0.0005183678020823973	0.0009204952585012252	0.00026500802325401195	0.0026377053764767653	0.0002079142783263377	0.0007467618609442761	0.0005846335040288509	0.004124870272850068	0.003930824327471214	0.00022239432257359582	0.003984882397783167	0.0034983108216704293	0.011806903829966799	0.018601898058684226	0.0018447901367808228	2.802596928649634e-47	0.00678781454502356	0.019693401685441286	0.0032836098129750725	0.0029985245680239814	0.15327956348749694
BoChr[19]	1.8923600329401323e-07	0.0002572797113679037	0.0005550323691528125	2.461963804776035e-05	0.0008398317367960573	0.011867852844264842	0.00017728808397052376	7.629054994231055e-05	0.00012233564020009525	0.011614176279110638	0.00014623489433070346	0.00035955317393040256	0.0041371551268588914	0.002024084484181779	0.013692682258874527	0.007577734737133888	0.006628902287420999	3.8804642432666015e-09	0.03700615867193411	0.018076601835254422	0.007742980473774228	0.011813601560894256	0.11030820503589553
BoChr[20]	5.575713582284259e-08	0.00025984198579575234	0.00019694949624032176	0.0010238224257771832	0.0007854459509886072	0.00770201652348998	0.001925636785336704	0.00014210183257676312	0.0003923863525275806	0.02771999962837441	0.0009564569389220878	1.983541957351065e-09	0.0022795324156908237	0.005665056933927417	0.03245016362088791	0.010372675137833767	0.0029114362597465514	9.80908925027372e-47	0.005613475637223644	0.02104251355096494	0.0025395565365065663	0.020973898703320337	0.041779287384725625
BoChr[21]	1.2642240606037803e-05	3.3355946361552926e-05	0.0021127348336023744	0.001687597778250165	0.00019807877368293702	0.0020115172734011823	0.0008288227390221436	0.0013930851493154251	0.0006022727062554623	0.0021043338770346054	0.003367391429528652	0.005278728030843922	0.005381144708007923	0.006341390044733544	0.011266731214482207	0.006578908312854468	3.937704488635063e-05	8.624050379964388e-05	0.0021995443820725315	0.005513108688319335	0.002857240766908262	0.008684685658413894	0.04524465151596815
BoChr[22]	1.6500394559617605e-05	0.00015813290130147983	0.0016889546928836375	0.0006468826700222508	0.000947749345422464	0.0016879545562392196	2.0409989284972952e-05	0.0002359558731990319	0.000782825301901866	0.0022682384516423326	0.0021166112658102063	0.00017062221731038108	0.0023370007561176465	0.0011608147072593056	0.0072637805939615415	0.005553128157750962	0.00287395720914148	1.3426623332435384e-06	0.009826919769210463	0.004244798264355438	0.007694641097355088	0.005834811497993542	0.07931179187504313
BoChr[23]	0.0010046029686335877	4.5028591493689873e-05	0.00020538183525786735	0.005599530701031839	0.0014113592761489714	0.0005668904294816457	0.002255622273080906	0.006645267640479631	0.0017999012762178902	0.0077035597336781335	0.017327976059528113	0.011916186727230525	0.012059238706715405	0.018605625835135697	0.035944349164983576	0.009927835931412768	3.2062746703331867e-06	1.765098718919944e-05	0.005285497287448409	0.016235186672502094	0.0017385765636572614	0.013793552010073791	3.803301851235119e-10
