MutationType	SBS80A	SBS80B	SBS80C	SBS80D	SBS80E
BP10MB[0]	8.39E-05	2.62E-03	1.68E-03	1.70E-03	5.62E-04
BP10MB[1]	2.62E-05	7.14E-04	4.00E-04	4.55E-04	0.00E+00
BP10MB[2]	1.59E-05	9.14E-04	3.60E-04	8.10E-04	1.06E-05
BP10MB[3]	7.15E-10	7.67E-05	3.18E-05	4.18E-05	3.32E-05
BP10MB[4]	5.57E-10	2.77E-05	2.25E-05	2.80E-05	6.67E-05
BP10MB[5]	1.65E-10	4.86E-05	1.77E-05	4.74E-05	3.69E-05
BP10MB[>5]	3.12E-10	4.10E-04	0.00E+00	3.74E-04	2.33E-04
BPArm[0]	4.03E-05	4.18E-05	4.76E-05	3.20E-05	2.98E-05
BPArm[1]	1.61E-05	6.48E-05	8.18E-05	6.14E-06	9.23E-06
BPArm[2]	1.78E-05	1.07E-04	7.18E-05	8.25E-05	3.46E-07
BPArm[3]	6.28E-06	8.59E-05	8.65E-05	2.30E-05	4.34E-06
BPArm[4]	7.95E-06	1.05E-04	5.24E-05	9.20E-05	1.32E-05
BPArm[5]	2.30E-06	6.21E-05	5.19E-05	3.29E-05	4.61E-07
BPArm[6]	2.20E-09	6.70E-05	3.55E-05	5.61E-05	9.58E-06
BPArm[7]	1.69E-07	3.93E-05	2.67E-05	2.34E-05	2.05E-06
BPArm[8]	7.31E-10	3.94E-05	1.56E-05	3.80E-05	3.18E-06
BPArm[9]	6.24E-10	2.19E-05	1.60E-05	1.32E-05	2.82E-06
BPArm[10]	4.02E-10	2.58E-05	1.54E-05	2.15E-05	3.01E-06
BPArm[>10 & <=20]	2.46E-10	2.17E-05	1.94E-05	1.81E-05	3.81E-05
BPArm[>20 & <=30]	5.24E-10	8.23E-05	0.00E+00	6.61E-05	7.51E-05
BPArm[>30]	6.71E-10	4.94E-05	0.00E+00	4.94E-05	2.65E-05
CN[0]	5.45E-09	1.82E-05	7.21E-05	7.88E-05	8.42E-05
CN[1]	5.58E-05	0.00E+00	1.86E-03	1.84E-03	0.00E+00
CN[2]	9.37E-05	2.82E-04	1.61E-03	1.08E-03	2.45E-04
CN[3]	1.27E-05	5.06E-04	1.15E-04	9.12E-04	3.69E-04
CN[4]	6.78E-09	1.21E-04	6.37E-04	4.93E-04	5.29E-04
CN[>4 & <=8]	3.63E-09	2.31E-04	1.36E-04	4.27E-09	2.06E-04
CN[>8]	7.09E-10	7.24E-09	6.84E-10	2.55E-09	1.06E-03
CNCP[0]	2.42E-05	0.00E+00	5.51E-06	4.87E-10	8.85E-07
CNCP[1]	2.21E-05	2.45E-03	2.86E-03	1.52E-03	8.27E-04
CNCP[2]	1.60E-10	5.91E-04	1.21E-03	0.00E+00	6.49E-04
CNCP[3]	0.00E+00	1.69E-04	3.98E-04	0.00E+00	2.09E-04
CNCP[4]	5.60E-10	6.34E-05	1.57E-04	0.00E+00	2.71E-04
CNCP[>4 & <=8]	3.51E-09	4.90E-10	7.40E-05	0.00E+00	7.34E-04
CNCP[>8]	1.11E-09	0.00E+00	2.23E-09	3.35E-09	4.78E-04
OsCN[0]	3.94E-05	6.25E-04	0.00E+00	5.68E-04	6.11E-04
OsCN[1]	1.66E-05	4.92E-04	4.93E-04	3.55E-04	1.30E-04
OsCN[2]	7.03E-10	7.22E-05	3.49E-05	8.26E-05	4.54E-05
OsCN[3]	4.63E-10	1.37E-05	4.06E-05	3.73E-05	3.72E-05
OsCN[4]	4.54E-10	3.72E-05	1.96E-05	5.05E-05	1.64E-05
OsCN[>4 & <=10]	2.93E-10	9.30E-05	8.19E-05	8.04E-05	2.12E-05
OsCN[>10]	2.68E-09	7.36E-06	3.39E-07	2.14E-05	6.92E-07
SS[<=2]	7.24E-10	8.64E-06	7.43E-06	6.79E-06	1.62E-05
SS[>2 & <=3]	8.87E-10	4.50E-05	6.32E-05	1.98E-05	7.61E-05
SS[>3 & <=4]	0.00E+00	2.17E-04	1.55E-04	1.35E-04	1.92E-04
SS[>4 & <=5]	0.00E+00	6.53E-04	4.06E-04	4.59E-04	3.88E-04
SS[>5 & <=6]	1.24E-08	1.53E-03	0.00E+00	1.94E-03	3.81E-04
SS[>6 & <=7]	0.00E+00	2.32E-04	1.13E-04	2.75E-04	6.21E-04
SS[>7 & <=8]	4.47E-05	1.57E-03	6.52E-04	1.27E-03	2.11E-05
SS[>8]	2.35E-05	7.08E-10	8.72E-10	9.23E-10	4.21E-10
NC50[<=2]	3.21E-06	1.03E-10	0.00E+00	5.16E-10	3.54E-07
NC50[3]	2.22E-06	0.00E+00	0.00E+00	3.36E-07	1.86E-06
NC50[4]	2.60E-06	6.15E-07	3.41E-06	3.57E-06	4.10E-06
NC50[5]	2.26E-06	5.60E-06	7.74E-06	5.02E-07	8.54E-08
NC50[6]	1.18E-06	9.12E-06	1.12E-05	1.83E-07	0.00E+00
NC50[7]	5.62E-07	4.87E-06	5.13E-06	1.66E-06	0.00E+00
NC50[>7]	5.26E-07	1.26E-06	1.58E-06	2.87E-07	9.68E-08
BoChr[1]	4.58E-06	7.32E-05	5.98E-05	1.09E-04	7.54E-05
BoChr[2]	4.33E-06	3.55E-05	7.31E-05	1.08E-04	1.42E-04
BoChr[3]	4.54E-06	9.79E-05	5.02E-05	1.08E-04	2.31E-04
BoChr[4]	1.78E-09	2.45E-05	3.19E-05	3.17E-05	4.31E-05
BoChr[5]	4.25E-06	1.13E-04	4.39E-05	1.20E-04	5.33E-05
BoChr[6]	4.27E-06	5.23E-05	5.61E-05	9.63E-05	1.27E-04
BoChr[7]	5.58E-06	1.15E-04	5.77E-05	1.44E-04	1.52E-04
BoChr[8]	3.97E-06	1.04E-04	4.10E-05	1.10E-04	8.64E-05
BoChr[9]	4.91E-06	2.28E-05	3.06E-05	2.96E-05	6.95E-05
BoChr[10]	3.44E-06	4.09E-05	6.68E-05	3.88E-05	1.19E-04
BoChr[11]	3.85E-06	5.30E-05	4.57E-05	4.51E-05	1.76E-04
BoChr[12]	5.06E-06	9.19E-05	5.36E-05	9.37E-05	3.01E-04
BoChr[13]	4.55E-06	4.19E-05	3.26E-05	2.42E-05	2.73E-05
BoChr[14]	3.97E-06	1.78E-05	4.71E-05	4.24E-05	5.83E-05
BoChr[15]	1.62E-06	2.49E-05	4.28E-05	2.76E-05	6.03E-05
BoChr[16]	4.84E-06	4.34E-05	5.23E-05	2.36E-05	5.44E-05
BoChr[17]	5.54E-06	5.44E-05	4.46E-05	4.22E-05	1.95E-04
BoChr[18]	4.67E-06	3.46E-05	2.19E-05	4.59E-05	6.33E-05
BoChr[19]	3.76E-06	5.57E-05	3.04E-05	9.99E-05	6.38E-05
BoChr[20]	2.21E-06	3.15E-05	3.53E-05	6.45E-05	4.91E-05
BoChr[21]	3.55E-06	1.51E-05	1.61E-05	1.85E-05	2.54E-05
BoChr[22]	3.71E-06	2.32E-05	1.62E-05	3.29E-05	4.35E-05
BoChr[23]	4.31E-06	2.64E-05	3.11E-05	2.47E-05	4.42E-05
