MutationType	SBS80A	SBS80B	SBS80C	SBS80D	SBS80E	SBS80F	SBS80G	SBS80H	SBS80I	SBS80J	SBS80K	SBS80L	SBS80M	SBS80N	SBS80O	SBS80P	SBS80Q	SBS80R	SBS80S	SBS80T	SBS80U	SBS80V	SBS80W	SBS80X
BP10MB[0]	0.7419913142919541	0.6902517336606979	0.4275113695859909	0.0008791205993722271	0.025614289318636563	0.000858675011629905	0.23203066121927804	0.055827133983682685	0.03405199951376439	0.017817154511286598	0.031601149141788486	0.03608560387394651	0.0024698361330793726	0.01916949975021758	0.01484612154773894	0.00457188615273121	0.07676165699027479	0.010490141152503294	0.010559368890401316	0.03293701273461738	0.02432154534431641	0.09444206354528839	0.007702642416174588	0.04717505824221426
BP10MB[1]	5.588319424987276e-09	0.0422542504410103	0.0067028180191343574	0.00013873596675693987	0.046281967265531423	0.0027028728891033364	0.11685570284129239	0.004602979246992617	0.004185250957705443	0.0024769754454434345	0.0012120730267048004	0.0002239043405279517	9.021769708851935e-05	0.004024771887645306	0.0008571337076136843	0.0003483189088977179	0.0018068109986415948	0.0006282632243641398	0.0013663133177666156	0.00159335583119173	0.0011150758407529793	0.000463779978235835	0.0007751366721005226	0.00031376811280045476
BP10MB[2]	0.0	0.008204764764010265	0.1186481400579214	0.0032064045115839743	0.04873103059342895	0.002262353266705759	0.015548697557046581	0.053093126895837485	0.03134173611540526	3.0036710086278617e-05	0.0	0.00494014433817938	0.0010131565324991243	0.001951560744200833	0.012312533054064118	0.011479344994368148	0.0012691254605852037	0.013975303944142752	0.0004662042396375909	0.0037195206272008364	0.007207433628545914	0.0016299645731640087	0.002295135988970287	0.0016385422335584354
BP10MB[3]	4.587494919494617e-09	0.000121889438657945	0.001216151283278762	0.001669795585621614	0.033806288791820405	0.0026273909053958037	0.01031619642623179	0.006255218242113187	0.004659241421959451	0.0011408853856002565	0.0003639089709304244	0.0003240719816908566	7.16904367436865e-05	0.004379729614696401	0.0006084413287908321	0.002141193678741453	0.00010789483320806425	0.003001383284631629	0.00029538434703768054	0.004064338408129649	0.004489600288197834	0.004415342241627619	0.0021011894943330843	0.0005881785044039134
BP10MB[4]	4.640454254190019e-09	0.0	0.005475213033932959	0.010225926694160989	0.02111667796038091	0.001559837864228939	0.0025559597721803583	0.014908068047370762	0.01312273997954378	0.0006230870582876946	2.802596928649634e-47	0.0013133527387993382	0.003663514442159794	0.0012786586991182713	0.0011654062007152447	0.0013416141950324345	5.605193857299268e-47	0.00726913051712188	0.0004597178131950841	0.0033827347967235253	0.002553400162869082	0.00024296031358062465	0.0007361598730130936	0.00041868939995766137
BP10MB[5]	2.54241828140378e-08	0.0	0.0	0.004190697853919138	0.009825446140021087	0.00220119192283164	0.00023531801867274874	0.0030464595800731332	0.0012256591437267161	0.0004122408779986131	0.001141427916354587	0.00014130083973144637	0.00011209639007347505	0.00255757958875904	0.00012881419218572888	0.00030736098597117234	0.0012718938075408487	0.001130835563835717	9.608996188205765e-05	0.0014977309923642679	0.0008901549790482477	0.0008678558673044279	0.00016517747717443855	0.0008624645968939149
BP10MB[>5]	2.364424798950715e-08	0.0	0.0	0.026388408448547125	0.001590023715980351	0.009216710507788549	0.00034967814572155475	0.0012588272051834793	0.0032145598898205207	0.0010267941156121196	0.015248093786649406	0.00014612208473074872	0.013225659530489793	0.006067219402824309	0.00011660775751806796	0.000468343305401504	0.0004709995320921223	0.00038884077221155164	0.0002650349622126669	0.0005395966850164769	8.467942825518549e-07	5.637014903186355e-05	0.0003688551567029208	5.575406014486361e-05
BPArm[0]	0.10852355688810349	0.04479489071294665	0.01518464577384293	0.00014829897771969258	0.0020026384103900706	7.10249453550241e-05	0.006777373563090805	0.0028397970861988144	0.002926893317999202	0.0022487890186369455	0.001096715772528114	0.001807078068941523	0.00025718892109580335	0.0026374352016156326	0.0008361692915786989	0.0010388906324763833	0.003805882257205341	0.0025941742084369173	0.0020144952772534457	0.0026740887256591606	0.0013293966015194526	0.00015634184316934432	0.0015131112006201875	0.0007980142456835892
BPArm[1]	0.00047522794565740156	0.018327765400932172	0.0013300854712724685	2.938082261927377e-09	1.0120044144912299e-08	6.553707040668488e-09	0.01378925028337843	0.0	2.243292556158849e-09	1.823786320187537e-08	1.5880052203818275e-05	5.907530550075535e-08	3.286126506196752e-07	6.398078033598154e-08	2.802596928649634e-47	9.37399533995631e-09	0.0	6.768800323797564e-08	1.8827512420216408e-08	0.0018559208512306214	1.585482724664189e-08	6.038872889213565e-07	2.0181758205950474e-06	6.689293314821043e-09
BPArm[2]	0.0006016896469468236	0.034264395162463185	0.01842367578065023	2.809146093518677e-10	1.2713483611408449e-05	1.1458229920435769e-10	0.0004563162576792479	0.0002117480725089127	0.00013062458939928857	0.00012636529973471453	8.21739558103829e-06	7.23495377906147e-05	4.7614173963665964e-05	3.7382633232663187e-05	3.418177243474929e-09	1.958152895241483e-05	1.9222517190335965e-05	4.475289606489241e-05	4.390122142119424e-06	2.351580697059319e-05	1.652970560826361e-05	1.542849000543356e-05	6.749025337029479e-05	1.7186817341610095e-05
BPArm[3]	3.40201417325936e-08	0.005394174135419121	0.002458954116445966	4.445053755262052e-06	0.0007311535574262962	3.57892808096949e-06	0.012662261414225212	0.0002526567658424028	0.0004132748515809226	7.780134910717607e-07	5.2908967128662e-06	6.216789477966001e-05	2.6814997545443477e-06	8.859241817845032e-05	2.680278431526517e-05	1.493665968610003e-05	7.040503791262864e-05	1.7976452915355576e-29	5.093955905977055e-09	7.489975726521436e-05	2.994457900058478e-06	7.440374644666292e-05	3.624122759561033e-05	0.0003310723073878563
BPArm[4]	1.336901534809698e-08	0.0040376624733823975	0.01721043238466791	0.0	0.000386111160623841	1.988323201658204e-06	0.002669792070916257	0.0012717766666901365	0.001262115575842273	6.168248525721509e-05	0.0004639329102064948	0.0003112817026631376	1.401298464324817e-47	3.0356506694180495e-05	7.153716924278797e-05	7.099411615854478e-05	8.469707590393227e-05	0.00012771571593475528	0.00011386620587430229	4.133487265789881e-05	0.00010357253861570826	0.00025943874367742115	5.640145493141199e-05	0.00013359470267459983
BPArm[5]	3.4306530025673965e-08	0.0008915921613726141	0.0027767077041789888	0.0	0.002234310524854991	1.25005755080565e-05	0.007086490164801944	0.0004808320486238518	0.0006889839834411759	3.3188972024618125e-05	5.0082447825028355e-05	6.665432960971885e-05	2.802596928649634e-47	0.0001349455145327738	0.0001692007132078288	1.3974007025397368e-05	0.00028709089482710227	7.757018206120847e-05	7.677826473553861e-15	0.0002528617499046959	0.0003793108219559919	0.0005120171124553963	4.887741302809445e-05	0.000753736799915714
BPArm[6]	3.5016565953782663e-09	0.00018336968383295016	0.009281988472212106	3.297033854323672e-05	0.0011035112618810671	4.918487709801586e-05	0.0016518088967200127	0.0030083343797975815	0.0018932793586463959	0.00020456095714365574	7.983116706782312e-05	0.0003693453764071053	0.00021812432948536297	0.00016900319641436568	0.00013899372659452073	0.00012810715038995114	0.0001812831972472395	0.0003770618236796963	0.0002233510033780073	0.0009462817727808215	0.00022828751526958512	0.001660639314308412	0.00033544886398885866	0.0003242555516123957
BPArm[7]	3.004829994601721e-08	0.0001463078165875231	0.001730695971637033	6.639110506512225e-06	0.0030273290766945136	0.00012340564301666746	0.003384033199414578	0.0009358835037164682	0.0002877381174107541	8.372250013053417e-06	3.320752376436982e-05	3.5917445128461626e-05	6.3145393505692486e-06	0.0003929307296750295	9.867896915238816e-05	0.0001362242486266041	7.215256941481841e-05	0.0008965339667656735	0.00011875728625227567	0.00018563664560133474	0.0016173791487381095	0.0018474695493488013	1.8215372692793606e-05	0.00037458674520394195
BPArm[8]	1.3187783841628332e-08	2.98586428471026e-09	0.004775463688420131	6.75017737194139e-05	0.002379837381122343	6.809637645956101e-05	0.0005903132731327787	0.002361118063199683	0.0015287274776528649	0.0002381855715955794	6.77462642713067e-06	0.00022563848443407864	0.0001425377904706693	0.0001726122931498253	4.6965326801569064e-05	9.321871760221257e-05	0.0006380523281866601	0.00042555862170047477	0.00032012054612978513	0.0002449854874089397	8.680886242927955e-05	0.0012270335824178026	8.421653727396006e-05	0.00011586351949745222
BPArm[9]	2.0235343363150804e-08	9.159453881579793e-08	0.0007378307392355055	7.117071033033558e-05	0.0024856077377262407	9.754618728407737e-05	0.00133990551403258	0.001442563009331934	0.0007320898942907661	3.1813735374726094e-05	6.780720541428309e-06	4.50643412374661e-05	3.381648052375397e-05	0.0002455167149582138	0.0002523331333270562	0.00031586694977931985	7.123300625153206e-05	0.0007740638460199989	0.00018842258494260024	0.0004021763094220992	0.00030654823313426506	0.0023155083384972385	7.859694298531394e-05	9.81503561683894e-05
BPArm[10]	2.459671632371041e-08	2.802596928649634e-47	0.0020529635762795806	0.00028007567647819086	0.0022825711820041762	5.266189928534004e-05	0.00048702022491852403	0.002434322678018361	0.0012589142233787242	0.00013296154042791386	0.0	0.00016866196431088553	0.00021738397610157167	0.00011937068127831907	0.0001575683137531314	2.2886466031195595e-05	4.980661338834125e-05	0.0006996687929745349	5.301484660133027e-05	0.00027143936282300276	0.0005249576131564027	0.0002823964821877212	8.785052301391261e-05	0.00034294740709128746
BPArm[>10 & <=20]	1.908206364920062e-08	0.0	0.0005932362261665364	0.0032837450028455352	0.01631230174563825	0.0010964161178890208	0.0009772661639197544	0.008409521970897914	0.004624462476785993	0.0002631313884487696	6.0473513876970925e-05	0.0003786846791833209	0.0020640774777939443	0.0012268145156662058	0.00033835437423940685	9.263313118481165e-05	0.00028668614559478555	0.001644027227619631	0.00011707678191669402	0.0008569626819195264	0.0023614175543708884	0.00121566773306256	0.00035995223704958333	0.00027288060139655785
BPArm[>20 & <=30]	3.4972258244891916e-08	0.0	0.0	0.002684352390028835	0.0022891440035164123	0.001557516248194588	6.328695453703404e-05	0.0008152469864216983	0.0003936230401625104	7.197957824018895e-06	0.0005265010091170552	8.252200621285511e-05	0.0002974124292779834	0.0011632398369235376	9.821185897081364e-05	3.440908621996641e-05	9.225386689934112e-05	0.00036624724214561865	1.8715150872594678e-06	0.00030312130992221853	0.0008408925072112083	0.00011503740795888007	6.353238044539467e-05	9.149768156930805e-06
BPArm[>30]	6.499120361880272e-08	0.0	0.0	0.0032736312865745275	6.489205497928197e-05	0.0010415247341001078	9.894688307099387e-06	0.0	4.480555624363447e-05	5.079572267732146e-06	0.0028498273104196415	1.2279502925593987e-08	0.001084829622176322	0.0007798553850426515	0.0	6.478442344814539e-05	1.8154749704990537e-06	3.871258813887834e-05	1.2532750502032285e-05	4.536756550805876e-05	0.0	0.0	2.3743696301608e-05	0.0
CN[0]	1.3771775083171178e-06	8.27481047718237e-07	0.0009362055532051272	1.401298464324817e-47	0.0012959356811753598	0.0	0.008782408047900302	0.007477201297189744	0.09184725553249812	0.0030408506746934273	7.969240475606473e-09	0.00424258584247724	0.00490209323675062	0.007833228151499725	1.401298464324817e-47	0.0012311120331287384	7.007422784255368e-09	0.0052470550439606715	3.156028888229301e-08	0.003986971412354574	1.3773696565522186e-08	1.6467703858324965e-08	0.00451667864907197	1.2779273292906623e-07
CN[1]	0.0007236379705161732	7.515565065139285e-05	6.608261623224498e-05	0.0009749035884219647	0.0013364262066322486	0.0	0.001120672857969751	0.016839997947983	0.02072321974808901	0.4372231252491474	1.401298464324817e-47	0.0028652937378197407	0.0022779588096499288	0.0038518113281739374	0.00021348460262335018	0.00030927284820801763	0.0002750042100127814	0.0009332326255708079	8.458478747058962e-05	0.0010585433574150226	0.0027288092952951993	0.00019579541669386913	0.001885473228758201	2.9174783216809884e-05
CN[2]	0.007334338927931831	7.532246527262032e-06	0.028880288392406195	0.05200737293882412	0.007104454527064372	0.00026205207587616525	0.004554762483353138	0.007690286600682387	0.03426097232730162	0.23012165757347247	0.0002987529442179948	0.7623447941243648	0.009246648094307083	0.008454251167589974	0.0048192069229890735	0.001381011247143113	0.0009003190973105443	0.006605388252716539	0.001269710782225228	0.0036033765418027196	0.00015972425872623857	2.1279893085544718e-15	0.009524441717283666	0.0004378837433501138
CN[3]	5.971450970032599e-08	0.003244875865000161	1.401298464324817e-47	0.09906113446850213	0.022119155761105114	0.00024423972630204676	0.0770359519086378	0.03222559687051103	0.0006436953693628311	0.0	0.001771656012861058	0.003945401725730768	0.005464129916950205	0.02763114606303219	0.2770257456405375	0.06261836111260437	0.08164701329281401	0.01609603864631937	0.07774166412389888	0.02511933543200601	0.04493114598150498	0.07552601078148541	0.02434713515166095	0.036232782770939595
CN[4]	5.783856720231739e-09	0.00011150183770212153	0.0	0.004899501842229488	0.002620375747931689	0.1498523610830307	0.0037166980725679365	0.0074226364694629865	0.044501296328671745	0.0	0.004165401113919505	9.441454837713085e-06	0.001915789514285251	0.009439393290903802	0.26797592634521605	0.0032606958754498694	0.012753826040261073	0.0058116191608317035	0.011888337941196668	0.0074963581372877695	0.014995371546980092	0.020876628706803724	0.016435667658324746	0.030463894617215034
CN[>4 & <=8]	5.252820224686209e-08	1.3219745298442831e-10	1.6760950849459278e-09	4.777186447313397e-08	0.0002822456126735997	0.29035967357773873	4.576361648481636e-08	0.0717583770127419	9.685572117525965e-06	0.0	0.04170613563178854	0.00048419515309433336	0.00021126626696601813	0.03049422784714821	0.01444644765889362	0.0024613366620663156	2.6984453946328696e-05	0.0008940697635244277	1.6749153754602807e-06	1.1644196842297561e-07	0.0011816429471430468	8.737766739841391e-07	4.776270588010417e-07	9.93634477310934e-07
CN[>8]	1.0933543068025742e-07	4.7309942274864624e-09	5.64490306942389e-09	1.6023410154275552e-10	1.078036473423083e-09	0.002040736871130946	7.728885975666344e-10	4.311007410938927e-05	3.4565208029135876e-09	4.039684800005716e-09	0.2158532337844372	7.006492321624086e-47	6.228142703452837e-08	0.0009318697025386769	0.0	1.2204149157923894e-09	9.0311094650135e-09	8.18845586536554e-08	3.5118503660669376e-09	5.6872166948718215e-06	5.515383435295007e-08	1.6318940865289733e-10	0.00013493204023859562	6.333014624715361e-08
CNCP[0]	0.04947452036513823	0.00028229743212691003	1.217127416996533e-05	0.0	1.3607387663796545e-05	0.0	0.00012075662612915039	0.00022320952067538257	0.0006513241110837953	7.955842420415138e-09	0.0	4.177682548618833e-05	3.047300735488534e-05	0.0018053813010919838	0.0	2.0709231030195952e-05	0.0	6.435090908780694e-05	1.401298464324817e-47	6.303720991127193e-05	0.0	0.0	6.675257600250006e-05	2.344925746911031e-09
CNCP[1]	0.0	0.025021190557964063	0.08422126803576248	0.36918478429317475	0.24532034076750278	0.01488546473877251	0.10401977339255723	0.0009966894052922727	8.407790785948902e-47	0.1592770883379694	5.605193857299268e-47	0.015549641717225313	0.3361129900813103	0.004633983742226064	0.003943743708205148	0.005288338066338945	0.00016181869432330132	0.007228826889113407	0.005476290683704974	0.002123637944459915	0.0003385806456208427	0.007832289390765329	0.007834614673629402	0.0015521234832704066
CNCP[2]	7.330095364022071e-09	1.1813573403963378e-08	0.0007051612230569937	2.005229143497702e-05	0.002773187015176006	0.13170183296837082	0.011049392043016084	0.019559987428365275	0.3579104270040989	1.0673843320319065e-09	0.0008965870496470258	0.008812713916312801	0.017550635651746912	0.03558975575434974	0.07550465179268227	0.002695215896860077	2.815082941656099e-06	0.006791480869403728	0.0019791465997732265	0.0025501477266357143	0.0010580513339553477	1.6608033604370575e-07	0.02685198956528069	0.007299953788169687
CNCP[3]	1.6946550789320723e-08	8.383364686892491e-09	6.988446621392086e-08	4.007201641798019e-07	0.002404277697052919	0.03259539454171687	0.0001818626489360753	0.11552488807588816	0.002803890392959758	1.0875101329794746e-05	0.019736549991375796	0.00038035524873052394	0.0023639486014872093	0.019553805110175553	0.0005294744813078722	0.00015943183017498087	5.628853755183627e-05	1.911802084599401e-05	6.9320947829965e-07	0.00023350804942058828	0.00013672190238168014	1.1217475912417285e-06	0.009363836004982317	4.240300776245931e-06
CNCP[4]	1.319440076663625e-07	1.074976499282343e-07	2.802596928649634e-47	7.601992209060882e-09	8.160688080849354e-05	0.013907466134178748	2.0760600499158955e-07	0.05601190891116858	0.00032056040885571237	0.0	0.031901797875761986	6.164821925551678e-05	3.631940919092358e-05	0.006884008468241803	0.0	4.257720569000867e-08	7.437593154691058e-08	1.650030751193299e-05	1.385839777867659e-07	4.346711534708447e-08	9.976166302294586e-07	9.486109053113978e-07	1.3568834951911412e-05	4.313905535289209e-06
CNCP[>4 & <=8]	1.1801408749789744e-07	3.9436643617385414e-08	1.1162123332297823e-08	2.954083200279456e-10	2.5161057806144527e-08	0.0008332220129534621	1.2733036998113789e-08	0.06011789605021477	5.4329275922526676e-09	3.641456647329733e-10	0.10054697893559933	1.7745651703648947e-08	2.5877363007964506e-08	0.0014916032200898855	2.802596928649634e-47	4.637023363534252e-08	2.709157225031639e-08	1.4045435712262133e-08	5.315727094057365e-09	1.2124998320928171e-08	1.2114996394529954e-07	1.3737531094903943e-08	1.6691894266784857e-09	6.68245168355952e-08
CNCP[>8]	1.9198063490932783e-07	1.4918119213280788e-07	1.8262029045645888e-07	0.0	4.858145530306502e-10	9.475400020164671e-11	3.9499790820407554e-08	3.602595127993879e-08	8.258809608656612e-09	4.085931245922936e-07	0.09900619372725487	2.894448950829798e-07	7.0183359384135e-08	3.426859876753951e-08	4.983755088616703e-09	6.015508802192926e-10	0.0	1.3176079220736102e-07	6.389468865108938e-10	2.0438414369436943e-05	4.117447076623648e-09	6.550749276357237e-09	0.0001736353764531629	3.546808401200252e-08
OsCN[0]	0.03430451176440681	0.0002729437919335999	0.00018427412144505568	0.011510921369388406	0.03078159200295002	0.07806700483895838	0.021445856864541302	0.006861736106012048	0.005840310239873382	0.002788312588302238	0.17406637214124202	0.03182621670886877	0.0024142515623526697	0.37167512138619024	0.0035080801881849765	0.003680451647061873	0.02171337684482945	0.0037543468469122708	0.007570801540506292	0.006032271028962299	0.015993839391927635	0.019511200414844183	0.0033378647496977772	0.05281279586723403
OsCN[1]	5.9164434627136855e-06	0.012727819759747945	0.05432356082368642	0.011250151456333696	0.028569661593064666	0.03407069735694677	0.009333585491403937	0.11369622640311718	0.04566608030349016	1.6792197711765767e-05	0.018712946670129894	0.010305001610424825	0.031238752882927656	0.01706653419039938	0.028555294450652583	0.0183854207066637	0.002524165704380721	0.023087793201159838	0.020783640739987903	0.010107155332658607	0.015822168256077022	0.00726711668598001	0.03709188513690606	0.011112846306589293
OsCN[2]	5.200889781065144e-09	0.0010377683280967177	0.0002466748445294797	0.0069958700107622465	0.010715449117706157	0.008819773370632902	0.010935598254266097	4.50146064395085e-05	0.004002857898613546	0.0007458109685844563	0.0042373844743997325	0.00025449754318181307	0.009311057240411173	0.005397334121284843	0.0015240124437207213	0.0020692412488961054	0.0033392843043043284	0.001485605932382441	0.0013908624409009463	0.0022956977763823262	0.002279994018288107	0.006206096921816879	0.0032311227235108575	0.0035944300663470585
OsCN[3]	2.6491362303815434e-09	0.00012204322731122374	0.01129706481937319	0.00842510753202987	0.007110176804708317	0.0025977505585137806	0.0013296324487706102	0.0024949234296218494	0.013314761917572469	0.0009107557808651024	3.256415748182917e-05	0.0012932509975959953	0.014817367423092946	0.0013296138720466466	0.001165772142918513	0.0009909186924171606	0.00011570132781344	0.0019781079759968634	0.001912679024117523	0.0006618734325044749	0.00019045404355271244	0.0015898201114552734	0.0022311828903639253	6.352276660891221e-05
OsCN[4]	2.8683767827608618e-08	7.789894141041031e-05	7.66474553529406e-05	0.004794572737300769	0.003631773491506465	0.0009113118777440832	0.001567491815669655	0.0	0.0007942721921426785	0.0012130573779930388	2.7431661874288694e-06	7.151007580542767e-05	0.003045323090045713	0.0005564760204564223	0.0005469370905996129	0.00013564583505967675	0.0004951576922644695	0.0007521332615738174	0.0001776304063241696	0.0004821155440117818	0.00022662842284112194	0.0005379231194365274	0.00045248064583574887	0.00027949886469286867
OsCN[>4 & <=10]	1.2989762945281314e-08	0.0	0.0011867395521403523	0.01427648092765594	0.004497086122864857	0.00038027759896067434	0.00042243049053467983	5.605193857299268e-47	0.004664781635365216	0.005151636773221923	2.802596928649634e-47	0.0006039623936787297	0.008057843811402563	0.00011560624814592302	0.0006187502358082497	0.00018011685360761476	0.0	0.00041130886296741664	0.00020052559751746913	0.00024354818277060985	8.936044760048389e-06	2.910429523012681e-05	0.001219032321275506	0.0
OsCN[>10]	4.3729192960029196e-08	1.1386106990585176e-09	0.0	0.003440080557145393	0.00014578065046619849	0.0	4.8718662611122455e-05	0.0	2.2911535432321718e-05	0.0019046986230432594	1.5984890905595962e-06	0.00011196756831200361	0.0009723578647390241	2.8117270360894507e-08	3.010563846591374e-05	2.74691719229736e-05	2.80931929921735e-06	7.422666233346754e-05	4.07743047206921e-05	3.554508734161743e-05	0.0	0.0	0.0002110781909785686	3.84052697199877e-09
SS[<=2]	7.110241718066845e-08	4.782064615564963e-06	1.0284128892834588e-06	6.965685198792926e-05	0.0	0.0014414081230643206	2.6239182655274363e-05	0.0016465968021657318	9.196246776809857e-05	1.4060589342079765e-06	0.001409656468022149	0.00027599625647212634	0.00531989910640732	0.0003504273907356392	4.7028251730694135e-05	0.00015852521943088505	3.655323953846157e-05	1.8079383576150576e-05	0.0004747459300024559	2.108523272909224e-05	8.661198877234711e-05	0.0003917823712171753	0.00033004163211444395	0.0005682826655437623
SS[>2 & <=3]	1.4769539733450187e-07	9.969615160088096e-09	0.0	6.748786563122166e-05	0.0	9.400923052619525e-05	1.4799618597294283e-09	0.02333127817288073	3.441023839201307e-09	2.159101677534636e-07	0.002058769360567112	0.002557900320059332	0.03423434221470416	2.9150121939380824e-05	2.802596928649634e-47	0.0007548727840185165	1.401298464324817e-47	3.3043268246046865e-08	0.0006252181612450158	2.802596928649634e-47	3.399605475351564e-08	0.001134889910636474	0.0016851346924944997	0.00023564076103880894
SS[>3 & <=4]	1.0711959008258276e-07	5.259532009915802e-10	0.0	0.00033297286598013895	3.988882643686242e-05	4.457458421939009e-05	2.6212347073185373e-05	0.08574247898657206	3.5292371467932073e-07	3.873380411574701e-05	7.448461381699189e-05	0.010636248327939342	0.16470295271145005	4.6383267257965595e-06	1.97577774017077e-06	0.003036031085676356	8.581156199785833e-07	1.7226991685674877e-05	0.0026108213926454484	1.5388469162758157e-06	1.1072972056408244e-05	0.002783975606312197	0.006979465885509377	9.671658716570164e-06
SS[>4 & <=5]	1.235921666120632e-09	0.0	0.005425228552049755	0.051308805730414235	2.0442470849957317e-06	0.006063060077278664	0.006101548727622041	0.006498564515495673	0.049781789168191606	0.003408889612836461	0.05838254259899259	0.0031105345519709714	0.26486614074150566	0.0035617843477200495	0.008504999112337827	0.0042892479179568	0.0005435633732929545	0.004982787786639164	0.019148638778777847	0.0042687879952254095	0.010826079323573662	0.0017101240158081054	0.08708448204237368	0.002937733338221733
SS[>5 & <=6]	7.522193712361513e-10	0.0038844342307364243	0.0029774415795691313	0.21624768547713757	0.01228259926661849	0.07715787600372818	0.0022599646635353566	0.003935289669316262	0.06869439794681967	0.0572763263451615	0.11072103552520275	0.003301202692091465	0.010657438872258354	0.047378073309831785	0.007908245507248352	0.0029026014544069768	0.004734260591142743	0.002994641486511682	0.0017401972708830727	0.002810915101072169	0.00215192483748496	0.011531936660648548	0.0024987655677551858	0.011661586596393388
SS[>6 & <=7]	4.3650398851013964e-11	0.0006747378814543481	0.0024300472308823374	0.07174722007941454	0.2624381744861603	0.04041993116051965	0.04165035947691649	0.09011026618483356	0.07369310359470546	0.013295881475041895	0.027204286120831967	0.004547704367432744	0.001047971397638321	0.04768535562325269	0.004485948583455707	0.01173983429525266	0.010917351863774412	0.015707950937836942	0.0046505668852478265	0.04295550786390628	0.013924216018263068	0.006129571571464112	0.011508266020966867	0.014747973578698153
SS[>7 & <=8]	0.01597834164276719	0.07234072322025895	0.15099386528134345	0.0014334854066850944	0.059930212730541825	0.004840081148248068	0.11493729260028886	0.042595171807333826	0.03207069735741243	0.008978723326125423	0.0007323127450945321	0.02903428596294403	0.002436277921581165	0.005145465426012062	0.02125685841703671	0.0332248180147144	0.022880583873484284	0.044912182105181275	0.018615574781864295	0.02644385593249808	0.0299216421502634	0.012209540549665974	0.005182582756970078	0.00705362906388476
SS[>8]	0.03756687819957733	0.01665602398570627	0.00022832206534069145	3.216554260720983e-09	0.0	3.9396486073428605e-10	2.0211423811167252e-05	0.0	1.3719632097064505e-09	0.0	0.0	7.325653115231035e-09	1.1857653454683259e-08	8.36710223151028e-07	1.107391618404563e-09	0.0	0.0	8.495383951867552e-10	0.0	0.00017046380509441405	1.987939945991002e-10	5.442478197892342e-08	2.8392696069801104e-08	4.616916285726802e-08
NC50[<=2]	0.0013894764194265009	2.588133707348561e-10	0.0	1.0786036330312499e-07	0.0	5.399653978166441e-08	0.0	0.0	6.561164056506641e-11	1.4073330145691899e-09	9.928194895536535e-05	0.0	1.556028193361314e-07	5.077039051684551e-05	0.0	7.566601874771095e-06	0.0	0.0	5.0084977232245366e-09	4.767759271970817e-06	2.1012711528101137e-07	0.0	4.521719724817352e-05	2.8739549157315024e-05
NC50[3]	0.00046397234371397644	0.000764647909636551	1.0906031942728434e-05	1.76653326252163e-06	0.0	4.4857062624600185e-08	2.0372698822122003e-05	0.0	0.0	1.3149622682322448e-05	6.533649261619923e-05	4.286113176590334e-05	1.2167032574161852e-06	1.3379875450425516e-05	2.3285974872777616e-07	1.3823070048601948e-08	5.446926132535168e-06	3.772944200619577e-08	1.6408275734391963e-06	8.327977411681787e-07	3.6173895714597393e-06	3.6001656934558924e-06	2.0036223811885633e-05	1.6042841751584546e-06
NC50[4]	8.399007411838966e-05	0.0015232281445059926	6.882766694616294e-05	1.661651796780461e-05	0.0	1.5391758552141254e-07	4.8914453509496524e-05	0.0	0.0	9.010672094760253e-05	2.1435251677530688e-05	3.3325157721719734e-06	1.2196902425785083e-05	2.2380649852493662e-06	5.390194928622804e-07	5.080201736973322e-06	0.0005157001854425402	8.135191674227826e-06	2.1396455122157932e-06	1.3692651846213266e-05	0.00011848498560823373	1.1666403024719329e-05	0.0	5.804669344797731e-06
NC50[5]	1.7057674982048356e-05	0.0009706757467938587	0.0005029783266627943	4.6498393658112036e-07	1.6312277512042782e-06	2.5852909146824033e-05	0.000149863382155786	0.0	1.8982427375537902e-05	8.601066656410694e-07	1.4079846621939397e-10	8.613344452612636e-06	3.1589288890288004e-06	3.4056280623566696e-05	1.377474091896147e-05	2.9860550285195343e-05	0.0	5.3394963615929215e-05	1.504294188634958e-05	0.00016721413178022004	2.5720124243235886e-05	4.366208922874648e-05	5.725158474888341e-05	2.3672593088122084e-05
NC50[6]	1.1079123299815308e-05	8.088885965293002e-05	0.0008670155031722971	0.0	4.492099727329446e-05	2.0572649100198957e-05	0.0004722842198327726	8.895183507185877e-05	5.0467071666844276e-05	0.0	0.0	3.665151560767299e-05	0.0	8.547955241766658e-06	0.0005077934770292814	4.96473687235266e-06	0.0	0.00017540353366072737	2.0344823845448445e-05	7.949836911762986e-05	3.872199566103518e-05	0.00019944886316157096	3.6669419496320186e-05	4.136966308578849e-05
NC50[7]	7.213989695316059e-06	5.162427778606649e-06	7.05333155747212e-05	9.73894841990841e-06	0.00024831393067497486	1.471895186114125e-05	0.00021731324199606662	0.00025470523564280256	0.0001919285881541555	1.613681875065609e-06	0.0	2.995412602331271e-05	7.465481139661279e-06	8.449673586596873e-05	0.0006998093480089551	4.853706923313439e-06	0.0	0.00013571312548741333	4.455924320922122e-05	5.326736321890735e-05	8.541944622578513e-05	3.248307732938827e-05	6.150535314361605e-05	9.276945735127384e-05
NC50[>7]	2.4774756259375863e-05	2.1824967685901698e-06	1.2576525088459078e-06	4.232502348600065e-10	3.878175778525561e-05	1.7711901455186307e-06	1.766581685640034e-05	8.560965327998104e-05	8.342916594837851e-05	4.457712146064274e-06	0.0	3.7413264072370113e-05	5.170332493502627e-06	7.69890453503308e-05	0.00010512525862525379	8.293098653666675e-07	0.0	6.599145544225138e-05	3.1999079514992704e-05	3.078554889839325e-05	4.8229688627676734e-05	6.103049496841706e-05	5.094300044916622e-05	3.752596524002172e-05
BoChr[1]	5.632523698935188e-06	6.905856354560313e-05	0.00030579091306232265	0.0006103994804208597	0.0006002628862504977	0.0021207935744100657	0.0007730018702100949	0.0029984414155008253	0.00021222272443084368	0.0009999354007331983	5.010156436824342e-05	0.00016959661434269975	0.0005057177598735925	0.0002018666730037496	0.002935747851435859	0.7527842300385237	0.007085140568008973	0.0007678320548350722	1.3362899142786103e-05	5.280160415633761e-05	0.0004546807010052157	3.018180872338405e-07	0.00048674667303611916	8.011999272602023e-05
BoChr[2]	1.0241795605031579e-05	1.3872302341155774e-05	0.004446508382320462	0.0003493477215970131	0.01955083440243186	0.01647723893614071	0.021599382988711113	0.0013737937368023267	0.0026323082840129077	0.0031066080010896256	1.401298464324817e-47	0.007665287476368831	0.0014290219203296605	0.007697444065926007	0.025277976251053644	0.00015160495220783331	0.0002014570248303471	0.14716870225194725	0.023091589602988166	0.0007605706167555581	0.004764738981889991	0.016666952967643738	0.0009998779766944744	0.004454161317495391
BoChr[3]	8.821641179801443e-06	0.0002590154742189377	0.0030568367896983816	0.0007242354413954575	0.005562925024864178	0.010876955544356005	0.0014022275419270614	0.0008007146405832399	0.0025781886101958625	0.00449021298400349	3.822709485880705e-05	0.0005479725641193432	0.002010150701527351	0.003108341435367804	0.005578927668868045	1.6201070593524492e-06	4.572224888725884e-06	0.30467105853369275	0.05391551269801898	0.020139522358804073	2.4010888932482608e-05	0.0038334815116580377	0.00014822659407304428	0.00032596583776649637
BoChr[4]	1.971081569218658e-07	4.0263231262507304e-05	0.000496902127163481	0.0010243227006381072	0.0021328759872141514	0.005906806136641904	0.015849122368754395	0.004791035418992067	0.0044914269541689615	0.00476205713580665	0.001654271812952004	0.009175752502867169	0.005018006180625301	0.014716608273130483	0.022904706689944588	7.895939624239491e-05	0.007390461429400669	0.04699295943343593	0.06231087829843105	0.033061820731291484	0.0019506437863901739	0.017095890124935807	0.02119027997746173	0.014312050125814295
BoChr[5]	2.4489175821384988e-06	0.00011590248183209084	0.00021447597327254542	0.000883505268530449	0.0018850400935674042	0.0025318951725949034	0.011319320655819708	0.000874721876305955	0.0021713928651980177	0.001312207733679438	0.0020719498626482658	0.005513552881391868	0.014199362701981535	0.02622471716037436	0.018061499496226964	0.006609833591479308	3.642585679926924e-05	0.02422232370619919	0.13882889763840695	0.012776156955761307	0.0035198137316421805	0.024306904007526917	0.12728309067240753	0.010568866781960295
BoChr[6]	5.432847522607864e-06	6.3959819535597265e-06	0.00023304002413492952	0.0004581345059094414	0.0018618823956365602	0.001575841829775707	0.00017856318035523345	0.0015831209823933135	0.0022882523777543675	0.0008943802612186299	5.66817414299936e-05	1.7878047862498792e-05	1.0224719220312846e-08	0.0006426445357023395	0.00925160207040965	0.003735152104662468	0.00011975945574621783	8.179648193986126e-05	3.5665220332912266e-05	0.5389179144197206	0.021712734593123104	3.1720629236371424e-05	4.122652047939882e-05	0.0034839690518538944
BoChr[7]	8.041690838345161e-06	2.3734516316054056e-05	0.0002494545238218571	0.00017579779958491583	0.0010912830236025162	0.003505011984076816	0.0007430646766180615	0.000655920704473254	0.0012592869737470913	0.0002558642135519085	0.00010135692566111132	0.0002812253545631371	1.4830373471841642e-05	5.398609845758081e-06	0.004409484300937631	0.0024398858913346542	0.004534067962028003	0.003418345137028602	0.4253013247158378	0.0002523734997776372	0.021867962199954346	4.90239571820079e-09	0.00029700186472748414	0.007809826022741007
BoChr[8]	3.76727117794573e-07	5.651998302376171e-06	2.092596964686777e-07	0.0003687376919516341	0.0005908619782766197	0.00044622482444728865	0.0007810141727892753	0.0012678413335522345	3.873248854392025e-07	3.1272476661618143e-05	5.010097828788771e-06	2.245113572472474e-05	1.0818719853809255e-05	3.317367716959961e-05	7.15249162335877e-05	3.2800737092341953e-06	0.6924667802453041	0.0004303675529322386	1.6759663467096284e-07	3.404032342694748e-05	8.606106179120509e-07	1.8246408603270994e-05	1.743202438398448e-07	3.64584683321161e-06
BoChr[9]	2.1865260937503628e-07	0.00031434889438216375	0.0004024919261249771	0.0009301821276978006	0.00059048555461779	0.0028485393810967707	0.012283985241888647	0.0024656532946067955	0.004307523292227487	0.0035361824365145746	8.323343918497983e-05	6.63822211802767e-05	0.0008044241894299375	0.0822921702037263	0.008258578841867035	0.000392751755392045	8.850831182613205e-05	0.03819659461680587	0.028180340202844868	0.027435442920553825	9.412540595300722e-05	0.09044363789726674	0.0008590778591825554	0.0075922521570737445
BoChr[10]	2.7222690522288316e-06	0.0008283445534803491	0.0006633694754248154	0.000549845374916913	0.01459930870192693	0.004736506166827894	0.0047056819219075405	0.006971970243444048	0.004133182852053352	0.005563082988934309	0.0	0.0003837871783886726	0.0011944874933256244	0.01448319467960637	0.025730652772713043	4.14667182485573e-05	0.008803396288577866	0.033931422846165876	0.01912554617640126	0.022681360327987933	0.007004546951479824	0.0031021873572010155	0.0025295644532889127	0.008085377854295075
BoChr[11]	4.5241188139756726e-07	1.0146193558213667e-07	4.382138327313712e-05	3.958700761297247e-06	0.0003834361937816541	0.00041197822681407015	3.0326098078745643e-05	0.00031480424932251176	0.0011202416719655966	4.2471556800660924e-05	0.00014230598481102	1.7717559148173384e-07	2.839290685217457e-05	0.00037662085171646427	2.9927474012331834e-05	0.015865200207249318	0.007461148878518977	6.824088981998614e-05	2.3626906901928984e-06	0.00016903083970692782	0.6152663686023948	5.157521809792966e-06	0.0070501555193145824	0.00020461109050579467
BoChr[12]	2.3779967866377484e-06	3.2620637364288994e-05	6.393838116189e-05	0.0010497434688289341	0.001719857844061532	0.0007790462218354202	0.000981054617218753	0.00011171811986563196	0.0024987702294081513	0.002586050710212484	0.02251046917652714	0.00020630181041958218	0.00014610198556592736	6.455506155829127e-06	0.017146500980247552	0.0029062488193012633	3.764194271518306e-06	0.00020737805217682203	2.825703602180596e-06	1.7693905115451174e-05	3.6060811414718895e-09	1.1471006523610036e-05	0.4549555403832346	2.664668129304937e-06
BoChr[13]	1.2803121565654884e-06	0.0011159982391888978	0.0004869000552921676	0.0008519177072118822	0.0012830067417422342	0.0021182550409415677	0.010845600578351232	0.003956171946493079	0.0013314250831903962	0.0064904896054029495	5.301031051203609e-06	0.006425399287516118	4.2265210668261945e-05	0.014552577979726493	0.022259942316355533	0.008464051416729462	0.00041844414891187395	0.03104603857877578	0.00028476572931481316	0.026256216131732905	0.00538489492610097	0.012912715297940167	0.01495043697171928	0.004130226754790272
BoChr[14]	5.80488342757568e-05	0.0015807902278925211	0.0015830445430538732	0.001275564781449745	0.004545145226404712	0.003454075009939146	0.003578451306414081	0.003350587486565928	0.001583451712748456	0.0008437713254420487	0.0003296822134852917	0.00032903450357640195	0.00021710710843535707	0.02627177960690723	0.011014974815460193	0.002663012920140773	0.00021030642413734314	0.028983957739656036	0.007053377985721454	0.01042439021590667	0.014821000129151685	0.015025499182952444	0.0263253504534185	0.020138103594091773
BoChr[15]	1.3925098414357962e-08	0.0005468308528224241	0.00034978665719894103	0.0005283728377072805	0.004170112573950746	0.0036182765869703813	0.0010766583023445265	0.006567667409490241	0.0009486291518185385	0.000904129609048141	0.0001475322118517397	0.000182694455097554	0.0008627189409273405	0.017933963180301687	0.008788197507132911	0.0036209060333396792	4.203895392974451e-47	0.023792644212929447	0.007505023074027406	0.00661690676253329	0.009975120465363717	0.013474493243877532	0.01726016238150578	0.02183458213532447
BoChr[16]	7.504719271134164e-07	0.0021259990499208925	0.0046084234462767885	0.0027082593616796656	0.0029175372297868306	0.004688159519573674	0.012145762992465921	0.00437742179055931	0.00593667890811048	0.0007664811983729436	0.0001863432937534526	0.000443173386156559	0.0	0.009835247575969683	0.018161124330617895	8.482415229082108e-05	3.542805265169591e-05	0.0076403833169888455	0.001144766127690673	0.005904294049518419	0.0081277460756246	0.01817143354099244	0.0025609767553396523	0.0072475123771619165
BoChr[17]	9.855814904469184e-07	2.610790453498879e-06	7.477558803259399e-07	2.1965264508584497e-05	3.448843325856133e-08	7.610127095583191e-06	3.982060096569914e-06	0.00011392618968484512	4.501708827778291e-08	1.0762581342449551e-05	3.2346649779839396e-05	3.4336657690337435e-08	4.843156104424873e-06	1.307713651210208e-08	0.00013462059800486065	2.4802961216493833e-06	0.020043326478263533	4.586732629097377e-06	9.995837106990406e-08	1.0071731049791747e-07	0.030615947825018128	0.0008762093525507542	3.7200416421237596e-06	0.5626277518147436
BoChr[18]	1.754623329411111e-07	0.0006042272170995133	0.00013124774512920823	0.000509420912614047	0.0010785540630672231	0.0026034921822268233	0.010998782840273051	0.0006470918478495236	0.0005006951813675187	0.0008466672246873941	0.00017355742286436992	0.00022711775522897082	0.0009106817466206918	0.026878661717157585	0.0026545753454797704	0.00750958350980838	3.7619411585865235e-10	0.019051112876666075	0.008028071683086327	0.02388560686191795	0.006993532072254869	0.09532831864066083	0.015315332906346377	0.012204570932760178
BoChr[19]	2.6608925683957453e-07	3.726287984728849e-07	0.00022747455678940654	0.00031142868107329465	8.107761407725178e-06	0.004949936999329143	0.0009182607896893573	2.7336641892361512e-08	6.706176985784573e-06	3.6983003485439397e-07	0.0003204352397876953	7.03429634540953e-08	0.00028547204991873353	0.00027564538534671003	0.004963097436492172	0.003950119589067214	2.420073055731109e-08	0.011897874445120922	0.0022823805496179437	0.009722695532474006	0.008846724579544229	0.2156806704657521	1.0938944587149542e-05	0.022999114154660917
BoChr[20]	6.341034583634553e-08	3.270588661596463e-05	0.00018474210874302343	0.0006318824604095496	0.0008278243757173698	0.00430180470567354	0.010377486401748364	0.000536302676121494	0.00022630796200559189	0.00010543715635332518	0.0008477657716633047	3.177615614191609e-08	1.297457252746881e-10	0.009973240457923183	0.01698480123178669	1.2790131620477041e-09	1.5829479025342153e-08	0.02206307406390664	0.014580251476162171	0.02511658990948277	0.01448033348347849	0.0826366794545013	0.0034126985681100486	0.006278935978895887
BoChr[21]	1.8777515260262056e-05	0.0017253975537530274	0.00014397499151527882	3.5524276427167936e-08	0.001589429814745813	0.0019515604550974786	0.009184833553295562	0.0014103707304457208	0.00012558926858673657	0.0015946502743037173	0.000858204424557698	0.003831950872859977	0.00463042113797826	0.007279061742919169	0.004930714519713004	0.003474810359912226	7.81789516668141e-05	0.015395090831127832	0.000670830172020942	0.010286451237483089	0.005078049341391306	0.03061699789022441	0.005359399532383229	0.014531981986613119
BoChr[22]	1.1463025626436974e-05	0.0014504734761237614	0.0002473256096595833	0.0004004730490749863	0.0005889288275284343	0.0010428908533241022	0.004331334298580885	0.00026532144271186554	0.0007856092235592005	0.0005201265301856584	4.176690215899725e-05	2.724675441186264e-05	0.0001283051064092433	0.016171438766849632	0.0022835340375198143	0.0014613802907115314	9.146755530764494e-10	0.011552077466330957	0.0027595098678739305	0.006344014343993649	0.007694908490084345	0.07211789867755215	0.0034096433196162935	0.007126929767752763
BoChr[23]	0.0008809374670359205	0.00034272377776368935	3.525873479858888e-05	0.0010031581505958798	0.0043146962147337575	0.0017892798245156883	0.014440750742636795	0.017831139842517878	0.00021952933136470064	0.007932060531498806	0.0018673102282910576	0.020855678161325022	0.009274651746632471	0.015251192205888203	0.01195747529464244	8.310528397004191e-08	2.0829917366782524e-05	0.03314307798314324	0.009705722002635505	0.020089494422116196	0.0056498378294054415	2.3902092139262975e-05	0.014166143730694527	0.02799806947206001
