MutationType	SBS80A	SBS80B	SBS80C	SBS80D	SBS80E	SBS80F	SBS80G	SBS80H	SBS80I	SBS80J	SBS80K	SBS80L
BP10MB[0]	0.7086865895986557	0.023838972271466172	0.5104312719404698	0.0017157185318635406	0.3764362096041441	0.01865624323035672	0.02462020304657485	0.003251990548045393	0.02083497526211431	0.07710857516430733	0.04781201000502911	0.05671563072944991
BP10MB[1]	0.00015306717583015938	0.05255768099799752	0.08592410599812865	0.001360755896257615	0.0026509717551877906	0.007937650882522575	0.001020825994392004	0.00023389083158690483	0.0013836162901498072	0.0008619002142222598	0.0027517757249097487	0.00446673007147183
BP10MB[2]	0.0	0.04117858439683914	0.01448828074761117	0.0022408395355159884	0.08635589749304699	0.003769127632549498	0.010195255359285511	0.0010542567101947497	1.401298464324817e-47	0.046534360744990406	0.026175887643694294	0.0015971495631676963
BP10MB[3]	1.969698723014446e-09	0.02586078142747283	0.0017409110741573386	0.004501893103006296	0.0011694605318160855	0.006337401706259698	0.0029283425956769804	1.782662590656514e-05	0.0006779087673613399	0.0020748766545625164	0.0030469126054720164	0.0018575011484608713
BP10MB[4]	0.0	0.01313528251601383	0.0	0.0023400673167270724	0.005371611150330864	0.0037763815532764512	0.007909355169340415	0.003378649254300399	3.544753902588127e-05	0.010734504087595268	0.007252979089817018	0.00044522261142049046
BP10MB[5]	1.5794082032227763e-08	0.00611632261890918	0.0	0.0026591431422275493	5.372648211086073e-05	0.0021202140623063316	0.0029631288425910896	0.0005882797102822224	0.0011783802601712523	0.0010308447365917947	0.00091683341945199	0.0017524067338973931
BP10MB[>5]	1.329968560281891e-09	8.205633769989618e-05	0.0	0.0067793118301779035	0.0	0.003808318500543919	0.012728921696550653	0.01595026375085581	0.012921789092943073	0.0006147334277272875	0.003791989425482143	0.00937124425530783
BPArm[0]	0.10160376623272896	0.001292416350050369	0.023066281354986132	0.00022927357028494695	0.015179399027256296	0.0010954806961469485	0.0006471403994566012	0.000267091411092224	0.0010481187474215403	0.0034812868095468728	0.002273416906974391	0.002312912659656092
BPArm[1]	0.0014069326329627075	0.00010226068824522372	0.020414341278374194	2.802596928649634e-47	0.00029394395228187875	3.1698729126673555e-05	5.108348426485776e-09	3.570547783210643e-05	0.00013698200163517527	1.2070583034073933e-06	2.3194683364522462e-05	3.7486338738830226e-05
BPArm[2]	0.001980506806867197	0.0	0.019369213783647865	1.7240068928003893e-09	0.019172537062695484	0.00025098269394286277	2.4605170524178988e-05	1.2618141548159655e-06	1.0703214321923226e-05	0.00035842682317635874	0.0003641514905409782	7.170204807869474e-05
BPArm[3]	2.8297339181304614e-08	0.001477448609711718	0.01080733626615256	0.0	0.0017045161204937642	3.295803499854921e-05	4.100576391465438e-05	1.959036308564017e-05	1.0726290360878465e-05	0.0003618291836304621	0.0004329794872403148	0.00016525549046831234
BPArm[4]	7.873276609560164e-09	0.0002689068518201787	0.00561236178240506	3.08682695049356e-07	0.012249615319526015	0.0003897450609269182	0.00010112719959718993	5.965160671621561e-06	0.00013890704971196045	0.0022950804235837906	0.0018572610989872152	5.7678779466669994e-05
BPArm[5]	1.7269724410517995e-08	0.0034026784030720594	0.004073946021671873	3.4778833651216702e-06	0.001723087712821183	9.306212372986344e-05	6.623478495740187e-05	1.0095002653542906e-06	1.655303236475447e-05	0.00048405956092317125	0.0005913350418956043	0.00021465954705525891
BPArm[6]	3.980295332009498e-09	0.0013465354908566952	0.0013458971533970043	8.633308225309713e-05	0.006207279210109249	0.0005342377568326561	0.00029942828143134646	7.466500387153019e-05	4.931081241011294e-05	0.0032657434555585494	0.0018223190428784618	0.00014509149994796416
BPArm[7]	2.7491077387864492e-08	0.0035618621623143554	0.0013689783116569742	0.0001267295395336987	0.0012035591158200986	0.00011608106979801302	0.0002583263467257524	7.196853693585136e-06	6.263428503020085e-05	0.0006506632955385205	0.0005742938108414819	0.00031272428230959547
BPArm[8]	1.4423909955318948e-08	0.0020536518277367577	0.0001910703020373461	0.00018872871582630067	0.0030918628815607006	0.0007980907839047546	0.00030090912940490734	6.216379618816604e-05	2.5409091904293747e-06	0.0021089054674121145	0.0012755662122069112	0.0002480825526434671
BPArm[9]	2.0133162910163095e-08	0.0024907671695109457	0.0002519305295663798	0.0002600422092837107	0.0005432743557926755	0.00030316409297256544	0.0003867003373989064	4.392300794279436e-05	1.867132566303553e-05	0.0009237132953313771	0.000596424371937588	0.0001953764805608671
BPArm[10]	2.015649143594089e-08	0.0019333006185479461	1.431250562347941e-05	6.566423269099175e-05	0.0014209470484816222	0.0004963837832840343	0.00043695817937773997	7.826988904071186e-05	5.235381104284897e-07	0.0019107797677861526	0.0009014480282485238	9.668008904753833e-05
BPArm[>10 & <=20]	1.9784086810470393e-09	0.010875251907855273	0.0	0.0011068526960709936	0.001073565281694755	0.0015290142061681422	0.0034879136959937895	0.0010603866313977051	0.000167527673411314	0.005188175145885907	0.0029321991159671156	0.0007245416195459598
BPArm[>20 & <=30]	2.923782783881279e-08	0.0013976694096345455	0.0	0.0012102247006259858	2.1150423017388675e-05	0.00016944294597422526	0.001887812885995004	0.0009565711599498172	0.0006644418868222601	0.0003063056659607355	0.0004707520918421281	0.0005466693693563229
BPArm[>30]	6.119538841886652e-08	6.453160895034671e-06	0.0	0.00033834477112350215	0.0	9.677951661863915e-06	0.0015972715208085386	0.002407366693551012	0.0026657953462563455	0.0	0.000201146038252773	0.00036368574639034535
CN[0]	2.8800688182784027e-06	4.538855262943286e-05	5.311105188765542e-07	0.0	0.011847538352012634	0.004518204431927586	0.0	1.193770658574067e-06	2.0245584085625267e-05	0.017763376283196165	0.03744581111577205	1.45915986381695e-05
CN[1]	0.0031436792085878552	0.001151633870235	0.0003697002558072171	2.802596928649634e-47	0.002386381507094484	0.20735112324357033	0.0001497456064682055	0.003232455687248148	1.401298464324817e-47	0.029928745885845275	0.015689119688468055	0.0009808584580252955
CN[2]	0.035685974829956196	0.02247853009828658	0.0023304550007976843	3.637628862634301e-05	0.10120791151654132	0.18406468093395234	0.1271651121503635	0.03355741564804522	0.002452628170101609	0.023779974274246538	0.08167162761121062	0.0008171002846211259
CN[3]	2.0107439490999467e-05	0.08729214549064636	0.0401001183828339	0.00042179610584466897	0.007192670244839974	0.0	0.09784334884374403	0.07344172606710352	0.0015764886128454237	0.032052889620536006	0.016652652507474906	0.052245084252208474
CN[4]	3.180742724762098e-11	0.01079276970612744	0.008568784485743955	0.13305966459214688	0.003702552502106755	0.0	0.033150308964781376	0.02222417926461276	0.0032942097866262544	0.022962430205661803	0.033363749641220866	0.04341781387105584
CN[>4 & <=8]	2.1648592379852617e-09	0.00016621723134264244	1.401298464324817e-47	0.18147084333002567	0.00024247578141824988	0.0	0.003201921650683843	0.008085383308673784	0.06721093147993087	0.04178682874399559	0.00460812666593999	0.007754169486030804
CN[>8]	1.2408107277206427e-07	3.2821009732231234e-09	2.85387240417599e-08	8.536488466575065e-05	6.205686914562136e-08	8.76796093507437e-10	5.4824881404331725e-05	1.883281462600195e-07	0.15852351516485214	0.0005167010952532714	0.0007328345038773421	0.00030770279230784127
CNCP[0]	0.04387614317238331	3.950523423128516e-06	0.0	0.0	9.20417473744095e-05	2.0273779455237674e-09	1.1498187291181239e-10	0.0	0.0	0.00036677381855376723	0.0001461849790017311	1.728765042230407e-10
CNCP[1]	0.0	0.1640036430559121	0.039425365529023114	0.0058883103403140815	0.047877456760033965	0.2538628102838993	0.19229139059782027	0.24818469174206256	0.00012223049998283386	0.012614698763936758	0.022476762253791093	0.07770490530649195
CNCP[2]	6.188939881690558e-09	0.002377567787578272	0.001493680504968893	0.13850886644329877	0.03249718552805959	0.0007958671443059728	0.009648937565977577	0.007220205469332268	0.0074552556292216245	0.036823199044890204	0.17677848539895422	0.05049527074298112
CNCP[3]	1.1700243011681943e-08	0.0047890084246313335	1.97790441802681e-09	0.029017093633301558	0.0014826641773652226	2.122704383822338e-08	0.0011420197866982562	0.0008104011023787904	0.03050695849582553	0.0671684136823751	0.0050820627942055555	0.004230569153147972
CNCP[4]	9.564376283410781e-08	7.736632985142932e-05	1.6335727068828022e-08	0.01092475684126839	0.0006097079207296474	0.0	0.0005189262211459634	0.0001728884650307805	0.032877358794212344	0.032169715808704494	0.0018509235886608267	0.0013417164798360658
CNCP[>4 & <=8]	9.363517859073412e-08	2.17168238112464e-07	4.024189443896375e-09	6.209963068087631e-05	0.0005483129419797051	0.0	0.0001585030045073088	8.63890904128084e-07	0.08322924215346575	0.03516493571055264	0.0012166798290868463	0.0004709334667622755
CNCP[>8]	1.858244246477625e-07	0.0	6.896750756268944e-08	0.0	2.483619009363558e-07	1.0878264559366358e-07	8.742994568322615e-09	7.251962710341787e-08	0.07179035652428865	1.758826955655882e-07	0.00018552345097487156	6.367221203618101e-09
OsCN[0]	0.04670723530929535	0.05385885225608945	0.002212007847152404	0.0781872507929802	5.856486968696118e-05	0.006491209921903791	0.026726324774208478	0.003907399734016508	0.17367914840579032	0.004608127288520337	0.035426071116526146	0.06573060621041804
OsCN[1]	0.00042988749526557513	0.028313883314840495	0.010025175270732377	0.03096546731889248	0.05088963084854185	0.0010761125292629004	0.019855329813435674	0.01983766165270936	0.02657414760440588	0.08748517477884889	0.03691408625803888	0.01288550140367398
OsCN[2]	5.892692894748919e-10	0.010704129613004624	0.004197628651745618	0.007385571992159612	0.0001969218790559163	0.0036840919806718376	0.005537060358782108	0.006486839666613378	0.004353666466195136	0.0002445072884625965	0.0044191022511617635	0.007379217314301059
OsCN[3]	0.0	0.0035018675609899217	0.0002971090411301702	0.0031626712199067696	0.008098191452609952	0.004967148067662492	0.005685488121055313	0.008995381314307452	4.969537068120656e-05	0.0055143995827529576	0.008170722880847733	0.001868277149660571
OsCN[4]	2.6726896003026467e-08	0.0022975398355629295	0.0002606097263014817	0.0011664143601359455	4.1095477756343254e-05	0.0027866675471886993	0.0024954134569270536	0.00258160579498508	1.563512960274238e-06	1.800771424314007e-05	0.0005660077132779406	0.0012541209446132661
OsCN[>4 & <=10]	1.3776000971077452e-08	0.0012439680204261094	1.7558285617269575e-06	0.00040938217124939055	0.0006190961967084263	0.008675442435778677	0.007045099302747359	0.008108191027567956	9.917849092744291e-07	0.0003081342066798243	0.0028298945449543567	0.0005923911076388321
OsCN[>10]	4.8953140865393154e-08	4.576232462173424e-06	1.705077762315099e-10	4.465237042761139e-07	0.0	0.0023535451525822284	0.0011374630898833527	0.0014230399035354768	5.6279729021557754e-09	1.0252639981445099e-09	5.3196625357054826e-05	1.4154035152529332e-05
SS[<=2]	7.64169861611208e-08	0.0	2.5807584313426446e-05	0.0008676760134403593	8.723266462595802e-07	8.34549702062759e-06	0.00018066905375462738	0.0027662882109871136	0.0015634361852426082	0.0022893927068435003	0.00032301253657811334	0.0004551724161092352
SS[>2 & <=3]	9.335635390073093e-08	0.0	1.790014216851432e-08	0.00017681871980385126	0.00017811273675050643	3.087234032861375e-08	0.00017426220089990284	0.013293160345638171	0.0041361584124388175	0.026446129851241763	0.0008180637614294883	0.00039239803278681153
SS[>3 & <=4]	2.9404201368765648e-08	7.06244827597402e-08	3.437092800595565e-08	8.760952753250173e-05	0.0006904436436337846	0.0005099093781745978	0.0006337104018207107	0.07133281451454664	0.005786525627070405	0.10526958770185964	0.0036925651867238153	0.0029771454704109602
SS[>4 & <=5]	4.532409725310771e-12	0.0	1.401298464324817e-47	0.0024012753205154658	0.00773118057187297	0.021624026828936847	0.025041040687897295	0.16495448996312917	0.053343207174912095	0.026343889280320984	0.053072464694269	0.0259035830418361
SS[>5 & <=6]	0.0	0.0009154492756351829	4.91775618866086e-05	0.07566970419604331	0.00021248837390885455	0.08737290382385254	0.10105354231194344	0.06275526932789945	0.08609812382608652	0.002343296411127085	0.045471605667657934	0.07294934101402947
SS[>6 & <=7]	0.0	0.18071116015315056	0.001241002421635899	0.06058591771870851	0.008168793497607112	0.06723268572241067	0.05287802765611559	0.002428855306934565	0.027353435112163423	0.03312033337773755	0.04076204567914829	0.03332453850191087
SS[>7 & <=8]	0.01616510876454413	0.06780802527442574	0.10785293461754918	0.006851357679568892	0.1187870791554451	0.014503786686109379	0.015310018041793999	0.0044623385078198545	0.0010362299875123445	0.044360965497326106	0.033271876204230465	0.013615051212857878
SS[>8]	0.03574206355959177	0.0	0.005947904604391816	5.521741441860684e-10	0.0007265145707816245	2.175228175360644e-10	5.6052931063366174e-09	5.798944057167077e-09	4.212476278908639e-10	0.0	7.465901292746935e-09	5.574582218059731e-09
NC50[<=2]	0.001232724922010675	0.0	1.968548157815775e-10	5.596017361497729e-08	1.4158305639000446e-10	3.3476963701151163e-09	6.095587308574402e-08	1.3060288993393953e-06	6.93351370551909e-05	0.0	2.5154353239909e-06	8.031297665844761e-07
NC50[3]	0.0005910290119936689	0.0	0.0001510799261198237	6.543688323290553e-07	1.0822188930065258e-06	4.463879014888317e-05	3.110638121973652e-06	5.4957625422247244e-06	9.888470442140474e-05	0.0	2.8063898662367137e-06	2.358998620614727e-05
NC50[4]	0.00017651274325544363	1.1326827120683448e-09	0.000768260772456415	1.227226938738113e-08	0.0002074239053126803	0.00012075134492285144	3.444925114308717e-06	1.226136494324237e-05	2.1774698280232487e-05	0.0	1.6962502377282364e-05	0.00020926178497218117
NC50[5]	2.2870077652363817e-05	5.45680862718001e-10	0.0008064832411582756	6.956230746264502e-06	0.00046802062995993766	4.16077384768343e-10	7.533621159252491e-06	8.55732134591225e-06	2.206398969095691e-07	1.020860849693328e-05	2.3017320186533574e-05	1.57690749805095e-06
NC50[6]	2.9358139489588096e-06	0.0001804734880806791	0.0004892659408992018	1.838111353381855e-05	0.0004896167184051592	6.920698126577918e-08	5.322177790321736e-05	8.087181959064438e-06	0.0	0.0002177227720579289	8.548540631181823e-05	6.656564146396704e-06
NC50[7]	9.156359066366804e-06	0.0003822502647381043	0.00011262199992415844	1.1324897455367022e-05	7.966101134998738e-05	4.929654702223729e-09	4.8336699281179565e-05	1.3779504288280454e-06	0.0	0.0002315493120615386	0.00010890431091468145	1.1829393333755433e-05
NC50[>7]	2.719736001381534e-05	7.559238400020262e-05	1.5742064905996945e-05	1.2050799899077092e-08	7.331628383369093e-06	1.1094748315798597e-06	1.3401594691964114e-05	1.0523123705752368e-10	0.0	9.140443773786978e-05	2.231460982010103e-05	8.223409544516614e-06
BoChr[1]	9.929099591716727e-06	0.016919215849506557	0.0037465995249365276	0.016608231499063795	0.007302770849344569	0.0018397587904595224	0.023685207947855814	0.02627833829314782	0.008740965515059429	0.021295534767293418	0.013084228490753844	0.028676428994803445
BoChr[2]	5.867163594675873e-05	0.02087468907928269	7.745952141704038e-05	0.02240941988769919	0.009294447328138632	0.004536462183168628	0.005830141184194488	0.006963994603411266	1.401298464324817e-47	0.0037729712287972437	0.0027672766060277353	0.0009117515012621879
BoChr[3]	0.0001004248985183409	0.0080345136806136	0.0006711323617491871	0.030489112753421067	0.006058866918569148	0.011938622768502683	0.0049478818113129815	0.009554300240130799	9.104545312081491e-05	0.004152324903155233	0.004216173469176283	0.00020801580714760348
BoChr[4]	1.0018962900426587e-08	0.010497579822163062	0.00277623281758624	0.006888023017527303	0.001546483857673593	0.004057416219220613	0.003455879575558356	0.01981361724669114	0.0022235556253508548	0.008545106204910552	0.009645662580151355	0.021187982989940794
BoChr[5]	1.1351744424792364e-06	0.00809703206496124	0.004352734565618448	0.003949979208409786	0.0019430756307299629	0.002726180571084153	0.005361497169942595	0.04247462883970002	0.009399226855312009	0.004773919069848489	0.012783253103261814	0.0012426724657416343
BoChr[6]	3.0361601536466054e-05	0.0092879146568157	0.002141003438211035	0.01650872940546833	0.004110099977281153	0.005897945626818749	0.017537678626839012	0.0013317364240509554	0.003877568001335021	0.0072724979555641766	0.016651712725770266	0.0191899119259324
BoChr[7]	0.00011235941400536742	0.007414379833353451	0.004583651797504551	0.011545988762227353	0.0033079186572285836	0.0009705246713910754	0.01016277255723253	0.03166758184641367	0.0011495688751165288	0.006947219640884441	0.010873005666153403	0.016797823018277994
BoChr[8]	7.656643607578673e-07	0.014153038719724731	0.0013386335726596598	0.003554341044683085	0.0003374078591598795	0.0023856258693422737	0.0021833564519512906	0.006981455159351828	0.003102614987344383	0.0061064481759621	0.009941369807066992	0.18250839746557176
BoChr[9]	6.5167334447302495e-06	0.0010383610467165935	0.007880674163461663	0.011952126242686063	0.0007493294717278332	0.007545544827298727	0.008691101851577515	0.002748782414710149	0.0004674240222362869	0.009291840834630421	0.005164758553728461	0.0034459015822505988
BoChr[10]	2.4020912678537344e-05	0.015502130025997757	0.0010744922533194767	0.01011719114787411	0.0025882885764319497	0.006385671934622223	0.0024551461868395565	0.00012930257551488467	0.0	0.005506557524495292	0.00521592830948066	0.010788276595866364
BoChr[11]	1.41252315442153e-06	0.006680992558108585	0.0013554012617262856	0.0018835585466028348	0.0030477560809163504	0.0005175491455579895	0.017021819881498354	0.010304102180651802	0.012278775045477692	0.006154607434196078	0.05654464559632743	0.04981371821835637
BoChr[12]	2.8354571484090483e-08	0.006857485991249632	0.004295385984369205	0.00040943601513390607	0.0021840229273358603	0.0011303902021311352	0.0080963133322075	0.014731254356693868	0.0477308400934362	0.0008903741871006333	0.021268944965559058	0.0004555763362441212
BoChr[13]	2.1271305273389273e-05	0.003815040297340602	0.004653402512485627	0.005936226150370203	0.0014374191973185598	0.005375867870461661	0.004552591111878428	0.0009626643614554098	3.889158790513793e-05	0.006210519211599604	0.001671242689335493	0.0016247990558123432
BoChr[14]	0.00033731127494746716	0.007356102518970147	0.00289465931788429	0.007221998393069953	0.002504362012841739	0.0012714292842793196	0.006097749281907454	0.00014814897644100712	0.0023354053625484995	0.0035228052135789765	0.0029928542822017334	0.0016142370946181472
BoChr[15]	5.627207446179394e-08	0.004914381603011862	0.002545272600109456	0.0060225129267200824	0.0007965177818005032	0.0010776187394731095	0.004991604082169943	0.0006581422882300103	0.0010321248787658987	0.008207332898164168	0.002192463730352756	0.001644335372108941
BoChr[16]	6.764321407626283e-07	0.005301943349186331	0.005456861036363989	0.005285721555410418	0.004833924060404935	0.00014084159206390835	0.007406307621158539	0.0009318003485553206	0.0012821691183444272	0.003735052671381709	0.005715911908482667	0.00335804859455493
BoChr[17]	2.983379596919189e-05	0.00032959542336529277	0.003098470008351484	0.0004576729314374717	0.0010756103531402133	0.00020345247689975977	0.026675199419524915	0.0007401800950708371	0.006218322300538655	0.008600771548608747	0.03167114682010869	0.07067559577801971
BoChr[18]	2.972428367382651e-06	0.0010829952091580709	0.005268666118570457	0.012256509646831545	0.00017482202441897242	0.005646156078411195	0.0036406431759921113	0.0012592291839246172	0.001345821645531231	0.003429844923148266	0.002418493531222339	0.002544097909703851
BoChr[19]	3.1950688322290863e-07	0.00021682193764193297	0.005652412605741404	0.012919839329551906	0.0009159017407127483	6.997560610358278e-05	0.013855493065067037	0.004726519072358286	0.00309339187022033	0.005488653368556698	0.005583725434058238	0.008382037088318839
BoChr[20]	1.6374162667420756e-08	0.004769156656693667	0.003429409999798736	0.007107309424318373	0.0018972362565450177	6.397943632407532e-05	0.013725787841540295	0.0013706041684096082	0.0046602443675544695	0.002298839934254815	0.005626554636950301	0.00809587015537545
BoChr[21]	0.00011949056220672105	0.0016510073982194129	0.0035171744058607145	0.004986719373846427	4.333229531766847e-05	0.0034380342277290765	0.001103351325764379	0.004197253670135979	0.001737225519027561	0.0029570396573399193	0.0006454831670271232	0.0010543976784387712
BoChr[22]	0.00022244185724844102	0.0002894764837765251	0.003191915697825607	0.005831109917198774	0.00035097864529234414	0.002577231218747329	0.006012355468410533	0.000358568512367583	0.00024383779424170423	0.002330620174179785	0.0024641848602294826	0.002815055680146896
BoChr[23]	0.001252696166629903	0.008761000059967045	0.00015473843027954934	0.003014455249067396	0.00023748483159579336	0.005903071401116904	0.0014010625278751832	0.011869403485616204	0.0036995331682555845	0.016211456513847224	0.000842831868576468	0.001882480650092475
