MutationType	SBS80A	SBS80B	SBS80C	SBS80D	SBS80E	SBS80F	SBS80G	SBS80H	SBS80I	SBS80J	SBS80K	SBS80L
BP10MB[0]	1.49E-03	2.40E-03	6.18E-03	3.46E-04	1.28E-02	1.93E-03	3.86E-03	7.75E-04	8.71E-04	3.87E-03	5.28E-03	3.41E-03
BP10MB[1]	3.13E-05	2.35E-03	2.96E-03	2.02E-04	1.18E-03	6.43E-04	3.60E-04	6.86E-05	1.24E-04	3.61E-04	3.99E-04	4.90E-04
BP10MB[2]	0.00E+00	1.40E-03	1.74E-03	3.42E-04	2.70E-03	8.52E-04	1.16E-03	2.94E-04	1.40E-47	1.97E-03	2.98E-03	6.09E-04
BP10MB[3]	7.21E-10	4.24E-04	2.20E-04	1.97E-04	1.94E-04	1.85E-04	3.66E-04	1.54E-05	5.92E-05	2.67E-04	2.62E-04	3.03E-04
BP10MB[4]	0.00E+00	4.79E-04	0.00E+00	1.43E-04	5.18E-04	1.84E-04	6.51E-04	3.20E-04	1.71E-05	4.41E-04	6.81E-04	1.28E-04
BP10MB[5]	6.40E-10	1.72E-04	0.00E+00	9.40E-05	2.23E-05	6.52E-05	2.12E-04	8.40E-05	5.59E-05	1.10E-04	1.51E-04	1.54E-04
BP10MB[>5]	4.75E-10	7.59E-05	0.00E+00	3.10E-04	0.00E+00	1.65E-04	8.86E-04	8.39E-04	2.27E-04	1.56E-04	6.38E-04	6.65E-04
BPArm[0]	2.45E-04	8.08E-05	5.38E-04	2.79E-05	5.85E-04	9.68E-05	1.01E-04	6.27E-05	6.79E-05	1.80E-04	2.33E-04	2.61E-04
BPArm[1]	4.12E-05	4.49E-05	5.79E-04	2.80E-47	1.85E-04	8.59E-06	2.95E-09	9.60E-06	1.90E-05	1.21E-06	1.14E-05	1.48E-05
BPArm[2]	5.31E-05	0.00E+00	6.30E-04	1.23E-09	1.01E-03	5.02E-05	1.28E-05	1.26E-06	5.35E-06	1.09E-04	1.36E-04	2.45E-05
BPArm[3]	3.44E-09	1.62E-04	2.93E-04	0.00E+00	1.61E-04	1.14E-05	2.03E-05	9.80E-06	5.24E-06	3.71E-05	5.17E-05	3.19E-05
BPArm[4]	1.34E-09	3.82E-05	2.79E-04	2.60E-07	5.07E-04	7.92E-05	3.94E-05	5.97E-06	1.92E-05	1.89E-04	2.72E-04	1.71E-05
BPArm[5]	1.17E-09	1.59E-04	1.53E-04	2.09E-06	9.28E-05	2.42E-05	1.97E-05	7.19E-07	5.43E-06	4.66E-05	6.31E-05	3.30E-05
BPArm[6]	7.48E-10	6.43E-05	1.25E-04	1.75E-05	2.10E-04	6.33E-05	4.83E-05	2.37E-05	1.01E-05	1.39E-04	2.15E-04	3.60E-05
BPArm[7]	1.55E-09	8.35E-05	1.03E-04	2.05E-05	8.20E-05	2.34E-05	5.27E-05	7.19E-06	9.08E-06	5.07E-05	7.28E-05	5.19E-05
BPArm[8]	1.01E-09	4.72E-05	3.54E-05	2.68E-05	1.28E-04	6.81E-05	4.65E-05	2.20E-05	1.48E-06	1.02E-04	1.48E-04	4.47E-05
BPArm[9]	1.13E-09	3.52E-05	3.66E-05	2.25E-05	5.25E-05	2.38E-05	4.78E-05	1.40E-05	4.96E-06	4.41E-05	5.65E-05	3.93E-05
BPArm[10]	1.00E-09	3.76E-05	4.72E-06	1.20E-05	8.85E-05	3.66E-05	4.67E-05	2.03E-05	3.68E-07	7.27E-05	9.79E-05	2.77E-05
BPArm[>10 & <=20]	5.81E-10	2.51E-04	0.00E+00	8.69E-05	1.97E-04	8.48E-05	3.16E-04	9.13E-05	2.82E-05	1.83E-04	2.27E-04	1.25E-04
BPArm[>20 & <=30]	1.30E-09	1.01E-04	0.00E+00	6.15E-05	9.20E-06	2.06E-05	1.38E-04	1.02E-04	3.79E-05	4.19E-05	8.78E-05	9.43E-05
BPArm[>30]	2.28E-09	6.45E-06	0.00E+00	4.01E-05	0.00E+00	3.46E-06	1.41E-04	1.52E-04	3.66E-05	0.00E+00	5.40E-05	6.43E-05
CN[0]	1.16E-06	4.40E-05	4.25E-07	0.00E+00	2.28E-03	4.86E-04	0.00E+00	1.19E-06	9.96E-06	2.29E-03	4.10E-03	1.46E-05
CN[1]	4.50E-05	3.50E-04	1.41E-04	2.80E-47	6.71E-04	1.59E-03	7.51E-05	6.91E-04	1.40E-47	1.35E-03	1.99E-03	3.55E-04
CN[2]	1.68E-03	1.76E-03	5.11E-04	3.64E-05	1.39E-02	1.85E-03	2.42E-02	2.97E-03	4.47E-04	3.82E-03	1.21E-02	4.64E-04
CN[3]	7.04E-06	2.50E-03	2.20E-03	4.22E-04	2.74E-03	0.00E+00	5.02E-03	3.58E-03	3.75E-04	3.34E-03	2.99E-03	2.66E-03
CN[4]	2.62E-11	9.96E-04	1.28E-03	2.56E-03	1.69E-03	0.00E+00	4.99E-03	2.99E-03	3.79E-04	3.32E-03	4.90E-03	4.37E-03
CN[>4 & <=8]	9.49E-10	1.66E-04	1.40E-47	2.33E-03	1.63E-04	0.00E+00	1.76E-03	2.93E-03	1.41E-03	3.02E-03	1.94E-03	2.75E-03
CN[>8]	3.49E-09	1.73E-09	5.34E-09	4.14E-05	7.95E-09	6.24E-10	5.44E-05	3.44E-08	1.39E-03	2.96E-04	7.32E-04	1.70E-04
CNCP[0]	1.19E-04	3.94E-06	0.00E+00	0.00E+00	2.03E-05	2.03E-09	1.15E-10	0.00E+00	0.00E+00	3.79E-05	2.94E-05	1.73E-10
CNCP[1]	0.00E+00	3.82E-03	1.46E-03	1.72E-03	4.14E-03	1.59E-03	1.06E-02	6.12E-03	1.22E-04	3.43E-03	4.19E-03	5.26E-03
CNCP[2]	2.28E-09	1.25E-03	4.65E-04	3.33E-03	6.03E-03	2.62E-04	2.21E-03	1.75E-03	7.51E-04	5.43E-03	1.12E-02	4.74E-03
CNCP[3]	2.13E-09	5.90E-04	1.39E-09	8.04E-04	6.99E-04	1.25E-08	7.95E-04	4.31E-04	6.45E-04	2.66E-03	1.33E-03	1.36E-03
CNCP[4]	4.06E-09	4.52E-05	6.04E-09	3.23E-04	2.86E-04	0.00E+00	3.61E-04	1.11E-04	4.62E-04	1.43E-03	6.21E-04	5.38E-04
CNCP[>4 & <=8]	4.38E-09	1.11E-07	1.73E-09	4.24E-05	2.72E-04	0.00E+00	1.12E-04	5.58E-07	7.99E-04	1.70E-03	7.52E-04	2.33E-04
CNCP[>8]	1.38E-09	0.00E+00	6.26E-09	0.00E+00	1.40E-08	6.13E-09	5.65E-09	3.23E-08	7.44E-04	3.88E-08	1.85E-04	6.37E-09
OsCN[0]	5.26E-04	2.45E-03	4.24E-04	2.04E-03	5.86E-05	5.70E-04	4.58E-03	9.49E-04	1.27E-03	1.73E-03	6.47E-03	3.53E-03
OsCN[1]	2.69E-05	8.30E-04	9.35E-04	4.21E-04	1.47E-03	3.61E-04	7.09E-04	1.27E-03	3.43E-04	1.87E-03	1.91E-03	9.72E-04
OsCN[2]	2.87E-10	2.60E-04	2.44E-04	1.98E-04	9.80E-05	1.68E-04	2.93E-04	2.28E-04	8.54E-05	1.27E-04	4.10E-04	2.84E-04
OsCN[3]	0.00E+00	2.19E-04	6.52E-05	1.33E-04	3.52E-04	1.93E-04	3.54E-04	1.74E-04	1.70E-05	3.30E-04	5.47E-04	1.92E-04
OsCN[4]	6.02E-10	5.61E-05	3.41E-05	4.37E-05	1.89E-05	4.18E-05	1.60E-04	1.42E-04	1.19E-06	9.26E-06	7.85E-05	8.29E-05
OsCN[>4 & <=10]	8.10E-10	1.35E-04	1.76E-06	5.72E-05	9.77E-05	8.07E-05	5.19E-04	3.94E-04	9.92E-07	5.64E-05	2.24E-04	1.10E-04
OsCN[>10]	1.09E-09	4.57E-06	8.52E-11	4.39E-07	0.00E+00	3.23E-05	1.01E-04	1.08E-04	2.22E-09	1.03E-09	1.75E-05	9.27E-06
SS[<=2]	3.86E-09	0.00E+00	5.77E-06	3.57E-05	7.21E-07	2.54E-06	3.51E-05	1.91E-04	3.98E-05	1.62E-04	5.82E-05	6.75E-05
SS[>2 & <=3]	4.06E-09	0.00E+00	1.76E-08	5.84E-05	1.25E-04	1.10E-08	6.15E-05	1.43E-03	2.55E-04	1.46E-03	3.52E-04	1.75E-04
SS[>3 & <=4]	3.99E-09	5.47E-08	3.44E-08	8.28E-05	4.69E-04	1.44E-04	2.63E-04	6.23E-03	7.89E-04	5.82E-03	1.74E-03	1.52E-03
SS[>4 & <=5]	4.53E-12	0.00E+00	1.40E-47	8.60E-04	1.28E-03	1.15E-03	2.83E-03	5.81E-03	1.79E-03	2.49E-03	4.81E-03	3.50E-03
SS[>5 & <=6]	0.00E+00	6.23E-04	4.92E-05	2.22E-03	1.07E-04	1.06E-03	5.37E-03	6.08E-03	1.68E-03	1.07E-03	5.07E-03	4.08E-03
SS[>6 & <=7]	0.00E+00	2.43E-03	4.70E-04	1.71E-03	1.62E-03	1.52E-03	3.88E-03	7.83E-04	9.05E-04	2.82E-03	3.00E-03	2.60E-03
SS[>7 & <=8]	1.63E-04	1.30E-03	1.61E-03	5.83E-04	2.36E-03	1.00E-03	1.59E-03	6.44E-04	1.48E-04	1.92E-03	2.82E-03	1.32E-03
SS[>8]	1.05E-04	0.00E+00	2.89E-04	2.24E-10	1.48E-04	2.18E-10	2.62E-09	2.00E-09	2.66E-10	0.00E+00	3.00E-09	2.22E-09
NC50[<=2]	5.05E-06	0.00E+00	1.03E-10	5.58E-08	1.42E-10	5.96E-10	4.10E-08	6.55E-07	4.95E-06	0.00E+00	1.54E-06	6.85E-07
NC50[3]	4.54E-06	0.00E+00	1.24E-05	4.24E-07	8.13E-07	5.22E-06	2.54E-06	1.90E-06	5.21E-06	0.00E+00	1.64E-06	6.17E-06
NC50[4]	4.33E-06	1.13E-09	3.05E-05	1.23E-08	2.65E-05	1.08E-05	2.89E-06	3.81E-06	3.31E-06	0.00E+00	7.02E-06	2.25E-05
NC50[5]	1.77E-06	3.92E-10	1.66E-05	1.81E-06	2.95E-05	2.82E-10	3.60E-06	1.80E-06	1.59E-07	3.66E-06	6.61E-06	1.10E-06
NC50[6]	6.18E-07	1.23E-05	1.82E-05	4.05E-06	2.56E-05	6.48E-08	1.73E-05	7.58E-06	0.00E+00	2.39E-05	1.81E-05	6.32E-06
NC50[7]	8.00E-07	1.17E-05	9.85E-06	4.27E-06	1.30E-05	2.50E-09	1.01E-05	1.38E-06	0.00E+00	1.78E-05	1.63E-05	7.02E-06
NC50[>7]	1.42E-06	3.48E-06	4.23E-06	1.19E-08	2.47E-06	4.69E-07	6.53E-06	1.05E-10	0.00E+00	5.67E-06	4.74E-06	4.90E-06
BoChr[1]	3.70E-06	1.42E-03	5.91E-04	1.79E-03	9.99E-04	5.37E-04	8.11E-03	3.56E-03	8.72E-04	3.74E-03	5.84E-03	8.85E-03
BoChr[2]	7.67E-06	9.59E-04	3.22E-05	1.04E-03	1.14E-03	4.68E-04	8.66E-04	1.39E-03	1.40E-47	7.91E-04	4.59E-04	8.58E-04
BoChr[3]	8.10E-06	7.38E-04	2.07E-04	1.06E-03	1.09E-03	6.10E-04	1.43E-03	1.86E-03	4.47E-05	3.91E-04	9.63E-04	1.26E-04
BoChr[4]	1.55E-09	8.24E-04	3.24E-04	9.81E-04	2.58E-04	5.19E-04	1.48E-03	1.97E-03	2.98E-04	1.33E-03	1.95E-03	3.89E-03
BoChr[5]	7.05E-07	7.41E-04	4.33E-04	8.29E-04	4.59E-04	4.84E-04	1.91E-03	3.43E-03	7.27E-04	1.62E-03	2.83E-03	7.97E-04
BoChr[6]	5.47E-06	8.18E-04	3.28E-04	1.26E-03	5.44E-04	6.08E-04	3.38E-03	3.68E-04	3.91E-04	7.44E-04	5.04E-03	4.69E-03
BoChr[7]	1.21E-05	8.19E-04	5.16E-04	1.08E-03	5.34E-04	2.85E-04	3.60E-03	3.11E-03	2.33E-04	1.85E-03	3.24E-03	4.89E-03
BoChr[8]	5.53E-07	1.98E-03	3.14E-04	1.11E-03	1.73E-04	6.86E-04	1.11E-03	2.14E-03	8.08E-04	1.23E-03	3.46E-03	1.43E-02
BoChr[9]	2.01E-06	2.49E-04	5.94E-04	5.45E-04	1.86E-04	4.50E-04	1.41E-03	4.43E-04	8.38E-05	6.28E-04	1.08E-03	1.22E-03
BoChr[10]	3.78E-06	5.34E-04	1.34E-04	4.76E-04	2.75E-04	2.77E-04	5.26E-04	7.53E-05	0.00E+00	4.40E-04	6.72E-04	2.06E-03
BoChr[11]	8.67E-07	8.36E-04	2.62E-04	3.38E-04	4.67E-04	1.68E-04	5.22E-03	3.04E-03	1.56E-03	1.46E-03	1.11E-02	9.18E-03
BoChr[12]	5.57E-09	5.16E-04	3.14E-04	1.92E-04	3.20E-04	2.14E-04	9.13E-04	3.35E-03	1.61E-03	2.13E-04	4.72E-03	3.13E-04
BoChr[13]	3.50E-06	3.15E-04	4.22E-04	3.55E-04	3.05E-04	2.64E-04	6.84E-04	1.79E-04	1.65E-05	4.30E-04	4.03E-04	6.88E-04
BoChr[14]	9.00E-06	2.76E-04	1.73E-04	2.63E-04	1.97E-04	1.48E-04	6.87E-04	5.68E-05	1.09E-04	3.34E-04	9.43E-04	4.55E-04
BoChr[15]	6.31E-09	2.01E-04	1.27E-04	2.08E-04	1.23E-04	1.33E-04	6.27E-04	1.67E-04	8.89E-05	3.89E-04	7.33E-04	5.62E-04
BoChr[16]	5.58E-07	1.92E-04	2.14E-04	1.60E-04	2.56E-04	6.80E-05	5.88E-04	1.59E-04	1.13E-04	3.00E-04	4.25E-04	5.70E-04
BoChr[17]	9.01E-06	1.09E-04	4.76E-04	2.11E-04	2.91E-04	8.35E-05	5.58E-03	2.65E-04	1.16E-03	1.02E-03	7.49E-03	8.89E-03
BoChr[18]	1.44E-06	3.36E-04	5.38E-04	5.95E-04	9.22E-05	3.47E-04	1.05E-03	2.48E-04	1.07E-04	4.21E-04	1.09E-03	1.18E-03
BoChr[19]	2.88E-07	6.43E-05	9.47E-04	6.33E-04	4.18E-04	2.54E-05	2.44E-03	1.05E-03	2.18E-04	1.63E-03	2.15E-03	2.65E-03
BoChr[20]	2.83E-09	2.56E-04	6.99E-04	2.55E-04	3.85E-04	2.93E-05	1.81E-03	5.82E-04	4.04E-04	6.95E-04	1.40E-03	1.87E-03
BoChr[21]	7.70E-06	2.28E-04	2.46E-04	2.45E-04	2.93E-05	2.32E-04	3.76E-04	5.79E-04	9.26E-05	2.53E-04	2.20E-04	3.74E-04
BoChr[22]	7.41E-06	5.36E-05	3.10E-04	2.88E-04	7.64E-05	1.71E-04	9.44E-04	9.84E-05	4.48E-05	3.43E-04	6.51E-04	8.20E-04
BoChr[23]	1.41E-05	4.12E-04	5.45E-05	3.76E-04	1.00E-04	3.14E-04	3.20E-04	1.26E-03	2.37E-04	7.36E-04	3.52E-04	7.22E-04
