NMF_Replicate	L1	L1 %	L2	L2 %	KL Divergence	Correlation	Convergence Iterations
1	219.84	19.49	43.543	11.352	0.08	0.99	70000.0
2	216.803	19.214	43.187	11.273	0.08	0.99	120000.0
3	219.703	19.42	43.494	11.319	0.08	0.99	60000.0
4	220.419	19.493	44.214	11.467	0.08	0.99	80000.0
5	219.53	19.431	43.707	11.378	0.08	0.99	90000.0
6	214.504	18.772	42.572	11.007	0.08	0.99	90000.0
7	222.959	19.634	44.618	11.538	0.08	0.99	100000.0
8	216.965	19.028	43.09	11.182	0.081	0.99	100000.0
9	220.507	19.475	43.789	11.382	0.08	0.99	50000.0
10	213.222	18.649	42.21	10.942	0.08	0.99	60000.0
11	219.691	19.293	44.056	11.384	0.08	0.99	40000.0
12	215.493	18.796	43.014	11.113	0.08	0.99	80000.0
13	220.969	19.399	44.037	11.388	0.079	0.99	80000.0
14	220.149	19.485	43.971	11.428	0.08	0.99	90000.0
15	220.439	19.39	43.891	11.372	0.079	0.99	90000.0
16	220.543	19.435	43.638	11.339	0.08	0.99	80000.0
17	219.624	19.43	43.43	11.333	0.08	0.99	100000.0
18	220.86	19.486	44.007	11.419	0.08	0.99	80000.0
19	218.168	19.32	43.404	11.301	0.08	0.99	90000.0
20	214.767	18.885	42.439	11.01	0.081	0.99	90000.0
21	214.212	18.791	42.973	11.148	0.081	0.99	60000.0
22	219.704	19.427	43.508	11.306	0.08	0.99	60000.0
23	219.405	19.284	43.519	11.264	0.079	0.99	130000.0
24	221.297	19.435	43.307	11.24	0.081	0.99	90000.0
25	223.282	19.613	44.559	11.54	0.079	0.99	80000.0
26	217.691	19.091	43.512	11.27	0.081	0.99	90000.0
27	220.442	19.415	43.777	11.355	0.079	0.99	80000.0
28	218.117	19.258	43.082	11.205	0.08	0.99	80000.0
29	214.468	18.931	42.108	10.956	0.081	0.99	130000.0
30	214.149	18.843	42.22	10.958	0.081	0.99	50000.0
31	224.113	19.699	44.65	11.54	0.08	0.989	80000.0
32	221.617	19.502	43.669	11.338	0.08	0.99	150000.0
33	221.851	19.615	44.45	11.575	0.08	0.989	60000.0
34	220.418	19.504	43.682	11.348	0.08	0.99	80000.0
35	221.858	19.588	44.143	11.487	0.08	0.99	60000.0
36	217.107	18.951	42.926	11.082	0.08	0.99	60000.0
37	213.393	18.747	42.557	11.034	0.08	0.99	130000.0
38	221.064	19.473	44.315	11.47	0.079	0.99	60000.0
39	219.989	19.399	43.779	11.347	0.08	0.99	50000.0
40	220.651	19.389	44.18	11.435	0.079	0.99	50000.0
41	218.151	19.341	43.259	11.289	0.08	0.99	60000.0
42	221.592	19.55	44.099	11.416	0.08	0.99	100000.0
43	220.755	19.514	43.869	11.408	0.08	0.99	70000.0
44	224.078	19.734	44.796	11.607	0.081	0.989	90000.0
45	221.008	19.46	44.151	11.44	0.079	0.99	70000.0
46	217.233	18.971	43.185	11.155	0.081	0.99	80000.0
47	221.913	19.551	44.095	11.447	0.08	0.99	70000.0
48	216.928	18.898	43.198	11.148	0.081	0.99	60000.0
49	218.764	19.16	43.05	11.141	0.081	0.99	70000.0
50	218.723	19.36	43.542	11.349	0.079	0.99	60000.0
51	220.933	19.517	43.775	11.376	0.08	0.99	70000.0
52	217.075	18.967	43.356	11.184	0.081	0.99	80000.0
53	213.856	18.657	42.627	11.007	0.08	0.99	70000.0
54	213.777	18.795	42.409	11.013	0.08	0.99	60000.0
55	219.083	19.376	43.554	11.325	0.08	0.99	110000.0
56	215.141	18.783	42.917	11.076	0.08	0.99	90000.0
57	220.422	19.482	43.966	11.428	0.08	0.99	60000.0
58	219.4	19.394	43.49	11.318	0.08	0.99	70000.0
59	221.35	19.376	43.809	11.313	0.08	0.99	50000.0
60	215.579	18.824	42.969	11.116	0.08	0.99	100000.0
61	219.2	19.41	43.67	11.361	0.08	0.99	80000.0
62	222.161	19.621	43.88	11.418	0.08	0.99	110000.0
63	220.261	19.433	43.71	11.346	0.079	0.99	60000.0
64	220.267	19.442	43.71	11.349	0.08	0.99	120000.0
65	221.713	19.568	44.372	11.535	0.08	0.989	70000.0
66	220.262	19.488	43.655	11.351	0.08	0.99	70000.0
67	216.089	18.979	42.737	11.09	0.081	0.99	60000.0
68	223.965	19.638	44.667	11.557	0.079	0.989	80000.0
69	219.882	19.468	43.715	11.343	0.081	0.99	80000.0
70	220.921	19.515	43.818	11.398	0.08	0.99	70000.0
71	222.045	19.632	44.754	11.649	0.08	0.989	120000.0
72	224.898	19.841	44.771	11.637	0.08	0.989	100000.0
73	218.99	19.425	43.712	11.384	0.08	0.99	90000.0
74	218.849	19.401	43.315	11.281	0.08	0.99	60000.0
75	218.536	19.068	42.913	11.059	0.08	0.99	70000.0
76	214.948	18.964	42.066	10.969	0.081	0.99	70000.0
77	215.455	18.975	42.032	10.93	0.081	0.99	70000.0
78	219.531	19.427	43.536	11.344	0.08	0.99	70000.0
79	213.552	18.769	42.21	10.959	0.08	0.99	80000.0
80	222.566	19.666	44.208	11.484	0.08	0.99	40000.0
81	213.995	18.788	42.621	11.03	0.08	0.99	40000.0
82	218.984	19.386	43.62	11.361	0.08	0.99	80000.0
83	221.684	19.479	44.172	11.425	0.08	0.99	70000.0
84	217.222	19.225	43.186	11.266	0.079	0.99	70000.0
85	221.876	19.566	44.167	11.468	0.081	0.99	50000.0
86	216.144	18.949	42.892	11.146	0.081	0.99	80000.0
87	217.829	19.283	43.206	11.247	0.08	0.99	70000.0
88	219.473	19.317	43.786	11.314	0.08	0.99	100000.0
89	221.897	19.557	44.145	11.46	0.08	0.99	50000.0
90	219.553	19.431	43.428	11.317	0.08	0.99	100000.0
91	219.207	19.164	43.208	11.14	0.081	0.99	50000.0
92	217.852	19.334	43.369	11.297	0.08	0.99	70000.0
93	220.874	19.526	44.036	11.43	0.08	0.99	80000.0
94	221.481	19.537	43.908	11.408	0.08	0.99	60000.0
95	218.601	19.39	43.509	11.345	0.08	0.99	70000.0
96	218.414	19.34	43.417	11.293	0.08	0.99	100000.0
97	219.757	19.431	43.463	11.317	0.08	0.99	80000.0
98	223.302	19.718	44.412	11.565	0.08	0.989	80000.0
99	215.614	18.894	42.844	11.087	0.081	0.99	60000.0
100	219.697	19.485	43.602	11.366	0.08	0.99	90000.0
