MutationType	SBS80A	SBS80B	SBS80C	SBS80D	SBS80E	SBS80F	SBS80G	SBS80H	SBS80I	SBS80J	SBS80K	SBS80L	SBS80M	SBS80N	SBS80O	SBS80P	SBS80Q	SBS80R	SBS80S	SBS80T	SBS80U	SBS80V	SBS80W	SBS80X	SBS80Y	SBS80Z	SBS80AA
BP10MB[0]	0.7504698371887207	0.4091389186680317	0.0011988667777118268	0.7111296343803406	0.024883770557065064	0.3866395260533318	0.0015106935619375722	0.04129132983839118	0.0066725830686858644	0.01713088762357188	0.034287224523723125	0.035420370337368993	0.004853898536522957	0.02850831335915684	0.015147929147807023	0.06740380267396247	0.0081073134326611	0.003457818830419727	0.07235367344959542	0.026388804207300387	0.01307392101005569	0.012564527776257077	0.016033991840197513	0.01042472586605628	0.14330056343865238	0.041900548990882885	0.04487840402012234
BP10MB[1]	0.0	0.0028617005290790054	6.229631835594774e-05	0.021032232407014816	0.050759239688050004	0.13805099247023464	0.002477182795932621	0.006770055098667944	0.005570870184360009	0.0020339259605610337	0.000995749962166883	9.536213605315424e-05	0.002541901765517912	0.006962649278561912	0.010706032424932345	0.0020363182487380983	0.0005528140784008432	0.0007058813232106332	0.0017259268891848477	0.0011997759842870437	0.005546729355805837	0.001831696230428861	0.001473446125164628	0.0034184119064593686	0.002902606814459432	0.00048024024520373134	0.0014274390657737967
BP10MB[2]	0.0	0.13047863766551018	0.002443385958322324	0.014308252800256015	0.044217941529132075	0.007757717338390649	0.0021027461130870505	0.054708727416582406	0.005562718027117625	4.203895392974451e-47	1.401298464324817e-47	0.0039049327245447786	0.0007673111863186932	0.001654743465083115	0.010064721503552712	0.04286992265844674	0.014277233519512404	0.0063255962714526956	0.0008966427200539328	0.0010369747853837907	0.0030467527515793836	0.00070921347476542	0.002739734832451859	0.002413234367277255	0.0016510154654315557	0.00078553410465247	0.0010412946197902785
BP10MB[3]	7.453332342421958e-09	0.0014774617544026114	0.0016888200882613092	5.135293587322565e-05	0.036109620612114667	0.006591399561210238	0.001603958423298042	0.009629451890359632	0.005445717262464313	0.0004457556556241116	0.0003065772454942817	0.00019715190734654443	0.00045110740577683825	0.003424556768915968	0.001657084120795389	0.0023096311008885097	0.0013596903908324976	0.0012124853867099073	8.055532307480462e-05	0.0023129353848662503	0.0024969931781106437	0.0005842979654571501	0.0036668362238560935	0.0017712462320196242	0.0040605604449817645	0.0028737987064927496	0.0005161841452354565
BP10MB[4]	4.3993725262758685e-09	0.009300767302047461	0.009574851365077847	8.147970476102273e-10	0.02049919255601708	0.00019655788317322732	0.0009501295077768646	0.01484358885034453	0.004008719890486247	0.00014194490046065767	7.375934294486797e-06	0.0011177972514234758	0.0019797273002222938	0.0005599706665177085	0.001613291211390333	0.014886052567796924	0.010040205676019803	0.0006328436606978427	2.7315240004099905e-05	0.0016119091180554967	0.000843408719787817	3.686082107378752e-05	0.002155124185344448	0.0018968289616680067	3.9849174658768274e-05	0.000582208721457107	7.134781329078522e-05
BP10MB[5]	2.1394622092829606e-08	4.835083673242479e-06	0.004364106406865176	0.0	0.010383753264322877	8.805976831354201e-05	0.0016282027950364863	0.003907304113236023	0.002126012577939491	6.546854748989972e-05	0.0011941663076528374	0.00017659059731037986	0.00030793021746250817	0.0018848657650667633	9.023332851826896e-05	0.0003880749497645736	0.000590802649608122	0.00019863834732859688	0.0015971217379109248	0.0009909707694214377	0.00048452693589212003	0.0004275135297621091	0.0007989945544136389	0.000483587308863207	0.000979596699659524	0.0017506825213649791	0.0004392988152653743
BP10MB[>5]	2.9794609139877083e-08	0.0	0.030204016780480743	0.0	0.0025049878835017125	0.00010449732886627316	0.008675315613778475	0.001244197196283494	0.005207758423473478	0.0005451836056876402	0.01606599339284003	0.00018523877665167277	0.013792266446816939	0.005805635916582939	0.00045368486074949033	0.00019727923512071754	5.210021277889609e-05	0.00024120146408677102	0.0005130911331769261	0.0002450484687869903	0.000752559484099038	4.311021068133414e-05	0.00012601885842741467	0.0001905330107547343	4.646787310875311e-05	0.0001539423190843081	2.4446053430438052e-05
BPArm[0]	0.11012856751680374	0.013875076652038843	9.622040033867699e-05	0.048693521488457917	0.0019417198351220576	0.014561876768129877	5.4626564961111275e-05	0.002098157245100177	0.0005360785869199942	0.002066591352559046	0.0010155600171569633	0.0018440759013323804	8.015376790353915e-05	0.0026622427961897183	0.0008631353956526925	0.006591961099547916	0.0031376260702438686	0.0006566930929803788	0.00339434274647745	0.0025995007486817466	0.002267300041470649	0.0022235466379670644	0.0017318292834745102	0.001096837082732236	0.008642658870740054	0.0010026974294376156	0.0010136354682668
BPArm[1]	0.00047507067427545737	3.4386267344643784e-09	1.9595444555875474e-09	0.014599538990825955	1.5829657469268455e-08	0.026392746287387893	4.943199822804445e-09	0.0	2.802596928649634e-47	1.3633998250384138e-08	7.695708900063991e-06	1.0680759778836125e-08	0.0001441850254565713	1.1701874628649023e-05	3.5096408552703904e-08	5.234627185046747e-09	5.45600715895489e-08	1.7706023154318018e-08	5.605193857299268e-47	7.006492321624086e-47	2.8424942662752526e-07	1.3745324736191833e-08	3.236598491440645e-08	1.1027262281970706e-06	1.4785067605771474e-08	9.743515079251187e-09	5.654365402563144e-08
BPArm[2]	0.0009214683499840248	0.015757389564823823	2.4900934144889143e-06	0.03814960135360636	2.8751473134818186e-05	0.002270639933146512	1.7733208323988947e-09	0.0002076438653791257	3.4043805996475384e-10	5.754661083333062e-05	1.921230284462894e-06	0.000627289803201379	5.562933048143993e-06	1.5088112964036781e-05	5.83567013558195e-05	0.0005902908380418203	1.689714174801793e-08	1.4553698711097241e-05	5.173091073686464e-05	1.2796097624914182e-05	9.772883919541008e-06	4.8876103197263356e-08	4.203895392974451e-47	3.602597622407444e-05	0.0010723631212511719	6.600500375498087e-05	1.213076815133718e-05
BPArm[3]	3.663613906856877e-08	0.0019297925514638336	1.8344325053476497e-06	0.0030407377049904054	0.0009587216471447845	0.015559891931482071	1.1980861745541915e-06	0.00014679502938203044	2.2804825852684806e-05	4.858492275161552e-10	1.1228335303345576e-05	5.606097509333496e-05	0.0002825293576461263	0.00048138857574016926	0.0009477182566254072	0.0007343352532085134	3.414925595279783e-06	2.051750371037997e-05	0.00013069712935003368	6.047946167655027e-05	0.00042505282419028843	3.430407980977712e-05	3.160946578191215e-06	0.00022708799311658368	0.0002728470278849571	6.921852894693049e-05	0.00035281132492087864
BPArm[4]	1.5376683741852304e-08	0.017500646612606943	0.0	0.004629624564525159	0.000275263980292948	0.003285026111893501	1.8971458944179174e-05	0.0009006677425350065	7.261475048835564e-05	0.00012379408069392448	0.0005244500645439132	0.0004800534974693704	4.4581620022654535e-05	5.519102584628399e-05	0.00010964298286125995	0.001658809226470339	5.6984068651217966e-05	0.0	5.814673564581069e-05	1.401298464324817e-47	2.9207923798821866e-05	9.150038053526544e-05	1.7357615288347006e-05	3.943228628486395e-05	0.00043803365711202245	0.0001429694411200444	6.0152020887471734e-05
BPArm[5]	3.6170594734930006e-08	0.0028085664653917774	0.0	0.0003384622510046498	0.0023713409817719367	0.0066889494319721625	2.500364702484603e-06	0.0004738936130777915	0.0001528850953508254	4.8190604059712424e-05	5.637146076679755e-05	6.359753832725801e-05	0.00014295370317995548	0.00038798228593400096	0.0012069360778656235	0.0008507204822853964	4.5338480662593385e-05	2.4854682487784884e-05	0.00029295390280992706	3.359747484928732e-05	0.0004731570812873542	4.181603949291457e-06	0.000373660671775724	0.0002554301591590047	0.0006393447639869754	7.187211913958435e-05	0.0008333015745316174
BPArm[6]	5.149532321668815e-09	0.010590546128805728	2.0923490639717103e-05	0.00014586156612779179	0.0008373245813335348	0.0013022601279550372	5.34065933607053e-05	0.0022834717327896215	4.958011286362307e-05	0.0002276822938344304	0.0001569978110660486	0.00028737581037365347	0.00015752846124087228	0.00010364630442595057	0.0003135081473374157	0.0029329083002630797	0.00025731413421454597	2.1966750581441373e-05	0.00021351311094122138	0.000837893000265808	0.00017040452581568388	0.00031457893626908985	0.0002724544398733997	0.0004094307103515254	0.001628317039685978	0.000900350177983546	0.00040329541997195404
BPArm[7]	3.688134921020492e-08	0.0020308073121123016	0.0	1.952158358108136e-05	0.0031566483403548773	0.002677961341687478	0.0001617519969582304	0.0009564846532202864	4.0396503934090336e-05	5.400155205279589e-06	4.924264553964247e-05	2.016742585794873e-05	6.29448622930795e-05	0.00046967915832468065	0.0006880859796729055	0.0005358655393626322	0.00024742760143100286	9.75722910152399e-05	5.892148686484689e-05	0.00011078170255132135	0.0007030124910829727	5.154607514214149e-05	0.0016396120016952409	0.00027019255139748566	0.0014728969760272913	0.0014639934832257496	0.00034524545121712437
BPArm[8]	1.7897303283831435e-08	0.005783088428433985	4.0512552172913276e-05	1.2139295790802863e-10	0.002023669394123573	0.00036459633349608114	6.409694131662036e-05	0.0021483227852149866	0.00014378696103221954	0.0001780169879506488	5.69134985198616e-06	0.00024202292637873768	2.0692966654465296e-05	5.554831559194895e-05	8.476834540488198e-05	0.0021739568140037593	0.00032492186219315047	4.582164328894578e-05	0.0007370062702830182	0.00014308597137585366	0.0003704201862638001	0.00038175746318302116	9.495679114479572e-05	0.00015950089256506317	0.0013345642421926129	0.00045972010678269726	0.0001425031708474478
BPArm[9]	2.2638704639810215e-08	0.0012611523555824532	2.1320073064998722e-05	1.8011561663655585e-06	0.002482309680490289	0.0008030238215303597	5.020966531901649e-05	0.001379210242703266	0.00048273517410081014	6.035993747559587e-06	1.1159001587657257e-06	4.4379237978020567e-05	1.8423014050137355e-05	0.000249441976745679	0.0004701431610645557	0.000516418831084593	0.0003699072908323231	0.00033024668243342604	7.119480379888188e-05	0.00020423724928320924	0.0004545884153139923	0.000204571704286991	0.00019770189483082846	0.00015360353708274488	0.0023010489567803914	0.0009095090764481028	8.30156222673395e-05
BPArm[10]	3.3551541775977965e-08	0.0027872922050300986	0.0002266870084388728	0.0	0.002091472320662433	0.0001972092703169892	2.6883730897679924e-05	0.0022109037978225387	3.1920369365252556e-05	3.6304182604354194e-05	4.271173675078899e-06	6.775560476469877e-05	0.00011168158206803725	0.00010451453782891917	0.0002201852314772168	0.001997495040503452	0.0005199563576070432	4.454948762031563e-06	6.889814334499533e-05	0.00030778302330320084	0.0004927181970919036	8.117414498656216e-05	0.0004589759003636118	0.00014802808975872495	0.00017923093286022207	0.0003869783438210561	0.00039423666646257513
BPArm[>10 & <=20]	2.2817036136046908e-08	0.0018735262478912773	0.003013614358205814	0.0	0.015864710041787477	0.0002051318592566531	0.0005820453508712831	0.009589858525432647	0.0026518756342190386	2.8536599188555556e-05	4.912167507427512e-05	0.00038840168800633736	0.0013701304593769308	0.0008122649250266534	0.0005391598939221609	0.004044860762188023	0.0029865198532974106	8.857575410729623e-05	0.000333294331122147	4.0212829531185435e-05	0.00031360135264549174	6.274098064750433e-05	0.001628952458416393	0.001004320100144014	0.0009656790613358357	0.0002303167973514064	0.00024403583436935605
BPArm[>20 & <=30]	3.094521559748875e-08	0.0	0.002921200773043431	0.0	0.002144310151343234	1.401298464324817e-47	0.001639883940316622	0.0012420529031805926	0.0006461807832693012	0.0	0.0005310104870659416	7.185751482666092e-05	0.0003077933613184314	0.0009264042114230619	0.00013781807482587282	0.00013038509901889484	0.0007764158143629629	9.418289321843076e-06	2.7440022830518273e-05	0.00035899521294425086	0.00010082864960395455	3.840554273551789e-05	0.0007714207846714726	0.00014991425627158605	4.521551332672402e-06	1.403785699949367e-07	2.802596928649634e-47
BPArm[>30]	6.64725577692593e-08	0.0	0.0037543640192598104	0.0	8.12110141851008e-05	0.0	0.001204729650327554	0.0	8.438253366595205e-05	1.4497074118935415e-09	0.0029975830664625393	3.8155249785631896e-06	0.0011860838089868154	0.000696263191160753	0.0	0.0	7.498732884414494e-07	2.3586917668581007e-05	5.191054196984623e-07	1.624106192423369e-05	6.306972497235109e-05	0.0	0.0	1.9536054196578335e-09	8.637957336077306e-09	0.0	0.0
CN[0]	3.4324806897245707e-07	0.0021696496682040234	2.3288716732849936e-10	1.661744429704114e-07	2.0252413417409797e-08	1.3647969254293458e-07	0.0	0.0003109741833145296	0.0013914395431102377	0.00041750363529843073	1.122519118545995e-08	3.45129683587686e-08	3.8068953251979566e-08	5.2007269637499575e-08	2.7911625011256548e-09	0.1843662372959649	3.6280487176298947e-07	8.59703000344325e-09	1.6379173839453643e-08	3.256687719499496e-08	0.003320698248911782	6.91133946539857e-08	1.658260787351651e-08	2.9009224114915356e-05	1.9934056993964333e-07	0.009108069576989059	2.841686354315698e-07
CN[1]	0.0005224837768385093	6.797094317077291e-07	0.00019357567130050767	7.073965589405873e-06	0.0006892482273569111	2.7479255089870592e-05	2.1281043594001404e-11	0.009739272054476665	0.0010721705777450552	0.47383805125951767	2.2245218911842724e-06	0.0001195633833034382	0.0009021012370347847	0.00034834059143782074	0.0011616712613969008	0.049871658591297746	0.0012922316701950364	4.735367864405759e-06	8.647657154461363e-06	5.6275634560734036e-05	0.0007858316142028432	0.00023110313955655216	0.0021729781565066665	0.0005292900514672283	0.00010249682812863135	0.00025624730403187354	0.0013448687389118418
CN[2]	0.005440410094290585	0.017196339876636543	0.045127095931025	0.001425924131265084	0.010209763168961722	0.00015821169012491976	2.295739330363848e-20	0.0022377732158724837	0.0047608638511816995	0.22883449590251112	2.576417429296818e-05	0.8368768605403603	0.011131179760015115	0.024867798908116554	0.007121440469355064	0.05379827032548957	0.004708813997949456	0.0010058448605389744	0.001154234758365064	0.0027641929640607205	0.0013987210433330022	0.002195022506115024	0.001569773816136829	0.0056315030540957135	0.00017496193881940368	0.006540839347917414	0.003098849751659151
CN[3]	4.008656717786607e-06	7.145015246123875e-10	0.08499954647909305	0.001672880195114317	0.012920269826427118	0.02773440353727551	0.0007458237454761463	0.03413454992448464	0.029472554988497556	2.802596928649634e-47	0.0015283797075971962	0.0006187393415780562	0.004317884105296344	0.006315842782280718	0.44844598703086375	0.00022073302883654833	0.011424045196536961	0.0479475323542308	0.058461568212011816	0.013537898063859757	0.009078617873799431	0.05279601232227634	0.024994902391147374	0.02506815231137213	0.03892908803217154	0.022952402527046032	0.01405668387658134
CN[4]	1.3592608744117384e-08	3.3836570232779194e-05	0.003286686503653584	1.7753070213899492e-08	0.0003894303478381289	0.0004958048206111698	0.1508605003077537	0.005570948933488471	0.2098020802970899	0.0	0.004644410627787519	0.0001706891307011915	0.001027293693194906	0.004616633560218736	0.1250630884378049	0.0015957215556045411	0.03575880542165341	0.0010571123344240263	0.00509610781185234	0.015131498858067118	0.018137687191408097	0.01687840343505553	0.0071624372716665614	0.004319066888725446	0.024626192151770965	0.003965375108135589	0.024129866368972016
CN[>4 & <=8]	7.311181242364295e-08	1.1543398628077739e-08	3.226509079468087e-08	8.726825644345126e-09	3.241027429101706e-08	3.9795859650837425e-06	0.37784721732139587	0.08438202642359158	0.0029112997383450084	0.0	0.0318113474265574	1.0212488290009233e-07	1.6113862204986118e-07	0.025924395503757615	0.0001550996781489289	1.7676507411579222e-07	0.0025090566307251977	3.0108693889774677e-06	3.8536336384660176e-05	1.4934603707423833e-05	1.828583654429394e-05	4.6693826469379476e-07	9.240962731738022e-06	1.179982019863246e-06	1.8791984252614986e-06	4.4806459129631545e-08	1.637004318183699e-05
CN[>8]	1.0608568952630293e-07	2.1308078401727214e-09	2.451498559707943e-09	6.6209578442055775e-09	1.129885838224709e-09	3.510770429926424e-10	0.002943470968259021	8.221426327146019e-07	3.111619207629701e-08	1.1294746471435246e-09	0.23357178017497063	2.802596928649634e-47	2.2650949531577426e-08	0.0011175834192927257	2.802596928649634e-47	3.508298691556888e-09	4.303362777180464e-08	4.803666087127567e-10	1.2891862635200394e-08	5.058696928017525e-10	5.1103938822905094e-08	7.217706006201751e-09	3.896664489744241e-08	4.27361402160642e-05	1.3601507369287447e-08	4.1334756417654715e-09	3.002983191890962e-08
CNCP[0]	0.05087446894473942	2.4609708480660685e-05	2.802596928649634e-47	0.0006519282088714817	6.492103304944763e-10	8.407790785948902e-47	1.401298464324817e-47	5.7260087771240367e-05	1.492772856437341e-09	1.2611686178923353e-46	0.0	6.667216112532514e-11	2.802596928649634e-47	0.0014773164689540863	1.7165199039936852e-09	0.0016672216675457463	1.1210387714598537e-46	8.407790785948902e-47	1.401298464324817e-47	1.2418935568803136e-08	6.901917367940768e-07	2.802596928649634e-47	2.802596928649634e-47	3.972410667074655e-10	0.005281002092777527	0.00012656616047024727	1.3970624479497928e-09
CNCP[1]	0.0	0.08871740847127513	0.3654293953068554	0.023096656012440545	0.2702815647050738	0.08680135822156444	0.020326132085174323	2.9427267750821157e-46	1.4012984643248171e-46	0.16276816745481482	6.257530767470599e-05	0.015904971910640598	0.34116914289072153	0.012166026830763408	0.05774337168293801	0.00346334615489468	0.0031552354618906973	0.003070579617134474	5.968088749796152e-05	6.543552403878411e-35	0.01729623068124056	0.0028923190059140323	0.00342048150303242	0.019117336124181768	0.00421681454978966	0.002575684692710638	0.0015462988056242466
CNCP[2]	1.6741182385926478e-08	1.200178073332836e-06	0.0007322290037946999	2.7760265908227667e-09	0.00021293747537214357	0.0017814329747310965	0.07846014939836526	0.02060290726855122	0.3355354184284806	2.572173514181486e-09	0.0007890447359687624	0.0055329320985772765	0.012111861088375258	0.03361142163333174	0.009362253385445633	0.23524963031308005	0.002333281948494914	2.094933941238729e-06	9.541167640874377e-07	3.273901765354026e-05	0.0025250724839622762	0.0016080693416711256	0.0011736424932126965	0.013813126206772495	3.181883785430273e-07	0.004263885667160565	0.0025275099035996745
CNCP[3]	8.821403369996261e-09	1.2810871538704305e-06	0.00010299712179403287	4.660586583327131e-11	0.001041725558626247	0.0003516186109134622	0.03028743055026439	0.13497604452073575	0.006694762458877861	4.1726734409053276e-07	0.01778608925153094	5.458321818366585e-05	0.0020099973383378256	0.016803061051527485	0.001336326507787664	0.001059442557737107	0.0001240049763805473	1.894500460252857e-05	1.387591257753229e-06	1.1395221389989275e-05	0.0001563108489314402	0.00013331966793430182	2.1257418417235386e-05	0.015739435130467428	3.5814706300694234e-05	0.0003295607777482701	9.624646413413984e-05
CNCP[4]	1.3325850741097157e-07	1.7551005271343456e-09	3.5363504059660044e-06	6.670698295964783e-08	0.0	7.475422606262327e-08	0.01404866685165409	0.06517417781054974	0.0005689661302542959	0.0	0.03200332401320338	2.073349151032744e-08	8.589921112005072e-05	0.005537515647741107	4.568045942505705e-06	0.0004657441343825042	1.6174899883480975e-07	1.6142162051480115e-11	2.1457820196246757e-07	8.407790785948902e-47	6.596909815925756e-07	9.742241002186348e-07	2.2652485966419858e-06	9.258092298125576e-07	1.380435080555742e-05	1.6410745938202354e-05	3.9654725424043135e-06
CNCP[>4 & <=8]	1.303846038069878e-07	8.684673461706716e-09	7.006492321624086e-47	6.646520846587122e-08	1.7383301553763886e-09	3.582328175433247e-08	7.352286094494793e-05	0.06703720055520535	4.167889263882785e-05	2.598915358476006e-09	0.10391290716826916	7.589323658407921e-09	2.050206269643695e-08	0.0012301810880654385	6.27699442645735e-09	6.514492704565167e-07	9.479565221681696e-09	1.8425082259909687e-09	2.541734131611406e-08	9.80908925027372e-47	1.0803576060425257e-08	7.420198400609479e-08	9.989741158733523e-08	2.5377186574360167e-08	3.9685659442428856e-08	3.417373889647024e-08	4.565362573316634e-08
CNCP[>8]	2.1008029072788758e-07	1.5384702060750043e-07	0.0	1.7409095339204762e-07	9.187577221236865e-10	3.1667077712987935e-08	0.0	2.3027853454928266e-08	3.438041822789728e-08	2.5159687674136675e-07	0.1073731728643179	1.475647779214384e-07	1.4635725946732237e-08	7.92295164586676e-08	1.717288892422175e-08	5.008676087272243e-08	8.823926862078223e-08	0.0	0.0	8.060850404945086e-09	6.20040623289242e-10	5.592895035988477e-09	5.8375474054628285e-09	8.262676303912642e-05	3.1506287548666026e-07	5.1064247212906366e-08	5.367596926930673e-08
OsCN[0]	0.023832664639541465	1.233142648605839e-45	0.010195092022622447	0.00037521918689953343	0.024741522581533833	0.011024075442885585	0.07355558609124273	0.008442839775245561	0.009504613982929684	0.0013234990577475347	0.15630241387656496	0.012506671271301235	0.003967663730203654	0.5616943229362369	0.012601764108030827	0.0024765302744901877	0.005508930981166818	0.006886575286916674	0.015418149462876238	0.0032902305445171513	0.008895772089690605	0.0035572934482182334	0.011116411318791259	0.002159262042386683	0.026165882248854137	0.0062456433090392624	0.03193386453208125
OsCN[1]	0.00023932704485659428	0.05403252370655537	0.01014535302093412	0.017914328348706477	0.024531945007111453	0.0043143471819348635	0.03261263485066593	0.1130398903042078	0.031629889255856504	1.7231663223356007e-05	0.017794840584683697	0.009116102456854831	0.025753755163168534	0.01761451651192374	0.0468206532439217	0.05081865839489183	0.016675875604141764	0.012443179520016126	0.0004887539939954877	0.004546965367626403	0.014691749319229319	0.017840129996329786	0.011943952248489154	0.045902919200016185	0.0037327383170486427	0.00895192361669615	0.005708924688277323
OsCN[2]	4.047390929073913e-09	7.475898077245802e-05	0.00728295989043545	0.00026857315097004173	0.012072099847719073	0.008536936395685188	0.009453381880302914	5.300241347867996e-05	0.006931546534222886	0.0006776402949176941	0.004359799007070251	2.1093646124228373e-05	0.00953861822024919	0.004324548146113471	0.005811069851470734	0.0006684951345516766	0.0009153430422975361	0.001992401740999412	0.00325757936891202	0.0014802639111081884	0.001859674099437143	0.0009675457035831475	0.0021201927599929604	0.004193065444382682	0.003996841174304535	0.006473332057326575	0.003462125349458347
OsCN[3]	3.338996625856794e-09	0.01386395689100027	0.008519575575701311	0.00018792010727338492	0.006624849495710805	0.0006938850173173705	0.0018982535386749078	0.0012462915710057133	0.00619461647171193	0.000583724409690074	8.154756018484477e-05	0.0013485679551030216	0.012777360684995074	0.0011660291963926286	0.0015590487495984462	0.012640765072914704	0.0010672857570187943	0.0004386116748560198	0.00017837098751239511	0.00041704520036315527	0.001127003815322215	0.001979657651273215	0.0006779334617567656	0.0029324426736005195	0.0014084853023530286	0.0020049397824209335	0.00034724797559505306
OsCN[4]	2.7353206446534273e-08	8.643721754197052e-05	0.004889664653455838	1.5473717067191472e-05	0.00428522919130046	0.0010144723091161723	0.0008326869816664839	0.0	0.0014234426057880257	0.001022787279279811	0.0	6.68059700604573e-05	0.003080382885157189	0.0003422015926915023	0.0007477312614791165	1.459350372897461e-05	0.00021139484209811599	0.00015127125890103345	0.0005219960300408526	0.0004706100891053211	0.0011196305917201244	0.00011012077127816156	0.0003211535014682966	0.0004623397674367879	0.0002863531016468457	0.0015900912461211192	0.0004824516964436043
OsCN[>4 & <=10]	1.2331713750840523e-08	0.0025881878020300063	0.014176736655645072	0.0	0.005650677469675429	7.493160199373961e-05	0.00010886681732529269	0.0	0.0018905381164427127	0.004141662507948638	0.0	0.0004066682026397217	0.009449683498824015	0.0	0.0005672109179431572	0.00331523972613752	9.315706323832273e-05	0.0001254557294305414	1.2611686178923353e-46	6.37953134763336e-12	0.0004766043403651565	7.105546046659583e-08	7.369918791368946e-06	0.0011350175684405705	2.229660892822949e-06	6.649474147707224e-05	1.401298464324817e-47
OsCN[>10]	5.004534929020643e-08	0.0	0.0035155980271520094	4.980117443431631e-09	0.00027599617757502416	5.4549653683011454e-11	0.0	0.0	1.291597754996765e-05	0.0018229873985046651	9.879953722702338e-07	5.2790990172935094e-05	0.001759341672386654	5.738511710262628e-10	6.507421839829775e-05	2.954779427000176e-07	0.0	2.6604880333707114e-05	1.247411114775332e-05	1.1937101085379709e-10	0.0002508053519468945	7.122248462110292e-09	6.738174852216617e-07	0.000109849891427507	3.626284552638026e-09	5.115073690831196e-08	0.0
SS[<=2]	7.032363775749673e-08	0.0	0.00010100364160052777	6.487744120953209e-06	0.0	0.0001753769421023321	0.0018268901882572664	0.000986637023743242	0.00013660477680113489	2.910215039229058e-06	0.0014139501469617244	0.00042520061578727564	0.003985850979252064	0.0007847093034472152	0.0008322488572548536	0.00015946283470839263	0.0001206006368420276	0.00010197917990353744	1.8035637913271786e-05	3.357327543199062e-05	0.0002509241593475053	0.0006360768979891818	0.00033864876937514057	0.0006443713099361048	0.0002760962582500781	0.00042039017678916933	0.0006134705320255307
SS[>2 & <=3]	1.7933572555861587e-07	4.203895392974451e-47	3.7639696460445295e-05	1.6660923949363138e-08	0.0	0.001662854476416955	0.00012125666930655986	0.014331997742951207	8.141797596863398e-06	2.5568712965551297e-07	0.0019144359591439298	0.003614615574479103	0.025615017297653857	0.004174645340112656	0.007039584070444107	0.0016665871503905372	0.0006827571493624873	7.633368321443247e-33	0.0	5.605193857299268e-47	0.000653721184207825	0.0008267061783286067	0.0019012729298327714	0.005461222758799522	0.0005596167585846956	0.002573597161304946	0.0007379145071064385
SS[>3 & <=4]	2.2232483657624868e-07	5.286605073706596e-09	0.00020983781689764669	5.078252316437215e-09	4.351489963028143e-08	0.006832423376998618	1.751866171398997e-05	0.05198178335397177	2.205399005106301e-07	5.620333186584503e-07	0.0003775699746803696	0.015490880310535431	0.1241662623076445	0.017229734092248636	0.030096763448020453	0.007066834335676802	0.0028811253602759736	5.929989583819406e-09	2.131368837865466e-06	5.68930719424543e-08	0.00257827677028331	0.0033731570872726022	0.008199283387888522	0.02277680252211809	7.572041234027438e-08	0.010434400036447187	0.0025073792343334846
SS[>4 & <=5]	7.232346399543843e-09	0.004853042836490937	0.04923121433643473	2.090883817196243e-09	1.401298464324817e-47	0.0018070421740412712	0.004949684318188403	0.0036339662638567916	0.019049326948365888	0.0017346428606765229	0.057139077396132054	0.0013415538022861554	0.3240824931114912	0.005339338010082457	0.010708959773182869	0.046656526662311404	0.0026207541185760876	0.004773560344505743	0.0018474231697609867	6.575483271831218e-07	0.02324000588548401	0.0019098976798627985	0.01264961245816778	0.0650428518353965	4.876601997239049e-06	0.0029268573477008886	0.006200658379367354
SS[>5 & <=6]	9.746675379574299e-05	0.004948619221831905	0.24915709279477596	0.005022133280864978	0.018276802371256052	0.0007069120765663683	0.0569615623632987	0.0033480720972875132	0.09392121654236689	0.05291169170470198	0.11845484897494316	0.00035580389201641084	0.014680877621285617	0.03926284546586455	0.0023373452953219954	0.021160026854563512	1.1964918485318777e-07	0.001038193267158931	0.0033220415838026087	2.4220460327342154e-05	0.0038890627305954695	0.00011201229480548136	0.0017015031765866683	0.00018772409108350986	0.012609675518008803	0.004417579469927226	0.008414170471201885
SS[>6 & <=7]	7.354984399299269e-11	0.0039755969695763555	0.07185690136919132	0.00014682290027690656	0.28311144024133683	0.025985660658532056	0.022743484060582447	0.12419875732350193	0.06822346484172158	0.004291643205908713	0.0270910594965585	0.003427557051181793	0.001025559378322214	0.038506966903805735	0.005475066590149708	0.04686389822422825	0.007351542621394561	0.008633450548296605	0.008937833008652939	0.031008984265971522	0.012479156824219614	0.007541675459167016	0.007935649206909721	0.016869018353333792	0.006482004274731262	0.015024154236059531	0.007626317918554774
SS[>7 & <=8]	0.01605561301927082	0.1583964143693447	0.001019551527271858	0.06169190187007189	0.05464328163769158	0.13281931051285936	0.005861202894627829	0.040270969631965275	0.010960826891324403	0.00961794781698682	0.0008923867292159332	0.02684974292110609	0.003424049525057339	0.011553664271203093	0.02022989495121102	0.04396014289843151	0.046270723369789435	0.028958392249478493	0.025066651948727668	0.028631941447832786	0.025506526852633122	0.019606268378320236	0.028057414045906625	0.007935934169195136	0.022539105619913943	0.007978759354118665	0.00765930607316645
SS[>8]	0.037709770170288835	8.987365812817671e-05	2.4584959890106004e-09	0.01968491318313653	0.0	0.00174478878199821	1.0612611234250835e-09	0.0	5.021757232270829e-10	0.0	0.0	1.0972069254317277e-07	9.299122392114612e-09	0.00041235147966563803	4.84608687401078e-09	0.0	0.0	2.802596928649634e-47	0.0	0.0	0.0	2.2046348746584955e-10	2.4888701233294343e-09	1.9882692754435995e-08	7.24536854266944e-05	2.802596928649634e-47	1.5993233546396368e-08
NC50[<=2]	0.0014538972987793385	0.0	3.548671356660149e-06	1.386333821074004e-09	0.0	4.6652139928937685e-11	0.0	0.0	0.0	3.4521640657203534e-10	0.00011452536213212738	0.00010354685381022132	1.13850835786522e-06	5.011274980482483e-05	0.0	0.0	0.0	6.384337390681338e-06	4.7796465468276415e-31	7.83171058088783e-06	8.827306885450526e-10	0.0	2.9695868622781065e-07	3.809427101565177e-05	0.0001143785286694765	2.2687820404598823e-08	2.9345878091469048e-05
NC50[3]	0.0004891350133402739	2.8472303529269992e-06	2.213985583414679e-06	0.0007297118958391024	0.0	0.000173523669449942	8.820404318043984e-10	0.0	0.0	1.5291205509826987e-05	7.619382634966864e-05	4.97809532618021e-08	3.821365127798515e-07	5.250892937880281e-06	0.0	0.0	0.0	2.7837481695769385e-06	6.445640531094199e-06	0.0	1.17701839332085e-05	3.77678841374518e-06	6.37664411442529e-07	1.8057446700652237e-05	2.2177518135322317e-05	1.7101345939352086e-05	5.661856334882031e-09
NC50[4]	0.00010331463997140133	7.43578456308569e-05	1.095239079404564e-05	0.0015434186154743657	0.0	0.0002521482587326318	2.8929300242452884e-07	0.0	1.7802065121941269e-06	5.051516031538093e-05	2.1020085953665875e-05	7.851954138118344e-06	2.5897645483041742e-05	1.023906149356435e-05	0.0	0.0	2.802596928649634e-47	0.0	0.000559042650436794	2.8963215299881996e-06	9.650894317019265e-06	1.4439483493333682e-06	0.00014280024981076168	0.0	4.952562674588989e-05	0.0	0.0
NC50[5]	2.9867725649896925e-05	0.0004338233439011674	3.679833127101517e-07	0.0009933253796054942	1.5679199350415729e-07	0.0003243500962616963	4.143603807733598e-05	0.0	3.118808611269253e-05	0.0	0.0	1.7590890049064e-05	3.4497044543968515e-06	1.7416903612570423e-05	2.121681936841924e-05	8.246171729844321e-06	4.87973069994041e-05	1.3783800512017532e-05	0.0	0.00013415612237167808	2.9735161965049885e-05	1.1740386479743847e-05	3.1832982400601396e-05	4.811973703908734e-06	0.0001179692904776175	3.4763052244670686e-05	1.2900892655522967e-05
NC50[6]	1.1725556118946656e-05	0.0009260851586441277	6.312652622852965e-11	7.89119554869e-05	2.1507135606952943e-05	0.00048821942538779695	4.641067578975866e-05	7.6882493156063e-05	6.531932919789262e-05	1.008049324013882e-09	0.0	2.089490259550075e-05	3.8475319161079825e-06	5.875969854912455e-05	0.00041806585436140087	6.793118611964744e-05	0.0002048045929284012	1.537854317575693e-05	0.0	3.708893389557488e-05	3.6333128809928895e-05	1.0965365460720022e-05	7.868523539400485e-09	4.537519125733525e-06	0.00027601137909812225	6.38525056616146e-05	0.00010788398295865421
NC50[7]	5.730747986305573e-06	0.00014457698326552303	1.4314018812910944e-06	1.1336754931696725e-05	0.00020309272860747873	0.0001364113281871937	1.4867978716210928e-05	0.00017153269906572177	0.00016564253827955444	3.7259694066982265e-07	0.0	4.588888112451172e-06	0.0	4.956477919975555e-05	0.0005077228723508398	0.0005041835280658801	0.00019579332206662414	4.466549609787762e-05	0.0	9.804677637021087e-05	9.329317646916024e-05	1.8414126203403214e-05	1.1249425588175655e-05	1.9097866970696487e-05	0.00023336930314201253	0.00013272183855967513	0.0002090964830478015
NC50[>7]	2.2598928413799513e-05	7.06606315084457e-06	4.359014155186358e-10	6.248527681194105e-06	2.2680074675913707e-05	4.309620218862165e-05	0.0	6.064092559716183e-05	2.0371826255445314e-05	2.2893736905160723e-06	0.0	2.5789900901145303e-05	0.0	3.1078490803793105e-05	0.00010429435041282797	0.00023154026188976218	7.558914075963763e-05	1.7006212146952749e-06	0.0	4.9137207296370276e-05	2.1699721065324694e-05	1.9963484154503776e-05	2.1780564887308172e-05	1.1133087585482037e-05	0.00012297838658109405	0.00011074478984628656	8.177034947543405e-05
BoChr[1]	1.7982942305816428e-07	0.000581303582413959	3.9028770119303404e-05	2.629854309965651e-07	0.0015222719590797596	6.698430344620477e-08	0.007790279531997575	0.0026146846604875994	0.0006153684125330388	0.001089528404441526	7.60727976274536e-05	7.271147020325946e-08	0.00010665923116455498	3.1346443311885745e-06	0.0006077372723061189	0.001586393163765787	0.0035006648780753474	0.7826311786472797	4.8549998887494934e-05	0.00010859249402140003	2.8099130467952742e-05	9.205033161068244e-06	1.6266991256040076e-05	0.0002015560952898434	6.178219543961936e-08	6.61228267454072e-06	0.0002551272520571558
BoChr[2]	3.6553253230464657e-06	0.0027995604731189516	0.0002864684053621502	0.0001572667983459297	0.007964028933108906	8.721303770073519e-05	0.017781816137552014	0.0006640304954067133	0.004309811242848412	0.0024549569150747173	0.0	0.0005014473383930351	0.00033007503143437587	0.0004023964931661261	0.005469523764694771	0.0068444611472875325	0.35432052814943743	0.00022157203891765676	8.587961134139733e-05	0.00019371706013771473	0.0010807042374946718	0.0026425733440424894	8.540717876712734e-06	0.0006342291555444568	0.0003909503756573507	0.0007212103618678611	0.000394358082159485
BoChr[3]	9.608171422367251e-06	0.001925789296655731	0.0002024138730094218	3.105554701621216e-06	0.0030242938470358273	0.00031408981776047894	0.01433499811892275	0.00033609213024990756	0.00036806950068496306	0.0031573821360600506	4.841229064988588e-05	6.048795065286456e-08	0.0008862864201454235	0.029143014865198946	0.008059769956420026	0.00606047214573975	0.12248836658376627	0.0001337035537400233	5.562453318166874e-05	0.0205288916951571	0.2011836156041165	0.02846725151247334	0.010561077673567612	0.024679855826420346	0.00939068145501766	0.019497130775539374	0.008268645739311466
BoChr[4]	1.2765592523655834e-06	0.0007009110002531927	0.00033594194465925043	1.944855251139188e-05	0.0015610394761039906	0.005879593706437483	0.0031227910516891527	0.0038240840155743094	0.022074300124445473	0.0035631971359720983	0.0011642397427613549	0.005654343933963529	0.0036294945203457375	3.506062886463315e-05	0.013072656937285152	0.0067200441001814834	0.06054004747048276	0.005996611181655966	0.0036353014956785044	0.020226913694165363	0.08870893561447524	0.03366668000858384	0.008173971696329581	0.00759510488205704	0.03962049209964704	0.04010411591599303	0.018088676178989457
BoChr[5]	1.4144219202330902e-06	0.0008595207113181403	0.00012288690878462893	5.5723863772731694e-05	0.0009643174304641632	0.0006128526927745573	0.0006287992516625232	0.0019257665807572183	0.005624980480435391	0.0004293621790336459	0.0008275233282275935	2.7696059527893e-06	0.012592000780968999	0.00013494786376651473	0.0035597698834292685	0.0016643115276057908	0.0013894198804999033	0.006256193420832068	7.419609930717996e-05	0.01706903403067726	0.3876531631933672	0.07637759857706533	4.42769205488703e-08	0.026417818502358983	0.000459386627135121	0.0004273295978645387	4.922606003265884e-08
BoChr[6]	3.7370604080333436e-06	0.00034326506480677923	0.00044260700109810693	8.464581816560291e-05	0.0011843815644053395	3.6847760683671714e-08	0.0003104459427375386	0.0018244416894088221	0.005832521699377523	0.0014257917553034316	0.00026129059470489656	9.107228813040069e-08	6.401794436566527e-06	1.2218121101763e-05	0.0034816520585731025	0.0014644692502988692	8.110078318530547e-05	0.0036817397757718563	0.002792856733388151	0.6127609133298791	5.5871590513166707e-05	7.136134299589678e-05	0.011651955636407401	4.122743097015323e-09	3.987940846265851e-06	2.8362382371935798e-05	5.3029317916837173e-05
BoChr[7]	3.0424456461508596e-07	0.00010795294789856414	0.0001977035717335209	7.183263588306232e-06	1.8312102585048776e-05	9.165606279770588e-05	0.003946509773752604	0.0001979274903745397	4.183356106627614e-05	0.00022162601700516658	1.6323519497731452e-09	5.434083277752657e-08	8.307719673339867e-07	4.35321761662602e-05	0.0014502062925143826	0.003545203151081812	0.0003815156619690718	0.012245590246527998	2.3061484490129563e-05	0.007872295271741079	7.870835042137842e-05	0.5978281301259994	0.010689091223890185	0.0033865395795543286	4.5711807100445867e-07	0.000256133701021523	4.117646856087731e-06
BoChr[8]	1.962963912127691e-07	1.6829031054416063e-06	4.960996140329294e-07	1.736631060111904e-07	0.0002845045094825318	0.00010789800498052671	0.00028174657517953473	4.928700413336477e-05	3.0558195504398282e-06	9.69968025673517e-07	8.025432910843979e-07	2.8123237314093766e-08	1.945506552697307e-06	6.475032900504514e-06	3.0022988300195764e-06	6.203709911146548e-05	0.0016468497015511086	3.238222806117608e-05	0.7506820234656334	2.384414164228378e-05	4.17620839667345e-05	0.00014737590974738093	0.00024851304003422513	1.549784834880252e-08	3.6329372711813585e-05	0.00016558140327194368	1.0500790421608894e-06
BoChr[9]	8.630572366907785e-07	0.0005499918915836588	0.0008646180345893349	0.0001862580321071903	0.0005107730757810636	0.0023146085473852197	0.0028785512955156276	0.002027469889091309	0.0009249577454436064	0.0010397329372610433	3.0207177998278217e-05	0.00021817747829032895	0.0013400986902948587	0.0006169666336835577	0.005164265909607782	0.010378037446650269	0.003357168202779509	0.0003264849488192032	2.846997074108515e-06	0.012488327346578303	0.0006411887967967544	0.0027651360069238604	0.000255111854673374	0.00016419162031821756	0.012314422513461487	0.33683910632738845	0.000166301566217939
BoChr[10]	3.530599206256202e-06	0.0011738960890618699	0.000551902273441316	0.0003429887326891645	0.009292928928550666	0.001266100195587896	0.002355764504409663	0.007213659701681241	0.019024942128924388	0.003403608823905415	1.401298464324817e-47	4.2629514396841374e-05	0.0002694440172117574	0.012640666704294463	0.00927761085505061	0.007326160842031939	0.07858591886872493	0.004725954251830445	0.0049729251030976454	0.040486180613833384	0.007032712826621719	0.014199688457832309	0.0046333274739143344	0.0005473946989513934	0.006331367461765094	0.0263821345848556	0.004317007712366597
BoChr[11]	1.666464042227034e-07	0.0002861106557757376	1.1308613907995567e-08	8.343539417268175e-06	0.0005745614485757322	1.122540059899535e-05	0.001801987318371797	0.0004274905667391374	9.638045318803751e-06	2.106137075760094e-05	0.00018624526493619928	1.5051116573088218e-07	2.909404482303423e-07	6.546601267094616e-05	0.00020659607263283814	0.004384519940175281	3.4271506368847444e-05	0.004066324158933734	0.015179130411267543	3.382079587877014e-05	0.00014572149289839844	6.733581572185754e-06	0.6669455021749777	0.012463908159597435	7.804887145934054e-06	0.00015703875056177153	0.00011572579571017221
BoChr[12]	7.751320080195967e-07	0.00018819159848268096	0.00030925104311402003	0.00019685986112340072	0.0020490743732682745	0.0005303913870842081	0.0005616844490944089	3.237086573076198e-05	0.001596872106355379	0.000898747561395844	0.01617041407225744	8.8665651020991e-09	4.210534666652943e-07	5.631965635188862e-07	0.007886164902608565	0.0018036653087170618	0.002538903899938063	0.002839366567143653	9.245016812542418e-08	1.4404586616333107e-07	9.55557311066864e-06	8.30255290607057e-06	6.715135937973571e-07	0.5906203684955835	2.551071144791389e-08	5.268122573933156e-07	3.6548773521929977e-06
BoChr[13]	1.0986459825002015e-07	0.0008314060620983809	0.0011406926903600833	0.000922725284381709	0.002102342854069903	0.013396309598729825	0.0013865620881864339	0.0033169987641869627	0.005281884206924587	0.005222109923616642	4.203895392974451e-47	5.416171289240879e-09	0.00066033364213677	0.003432026551779863	0.01259766208340182	0.004103435059831213	0.0035795333837813814	2.3571403995104475e-05	0.00031567304050796	0.04605870025294067	0.010075476569290913	0.01894192644938444	0.010204732946913282	0.00026478078337596853	0.01793544635068244	0.019158405274502	0.020382186035749185
BoChr[14]	9.753118532584537e-05	0.0010653112368912865	0.001473616433523688	0.0011478504032023803	0.0031585793497689706	0.004802041942009163	0.0021840542727261172	0.003761797049346281	0.0028994022126369147	0.000344446858912697	0.0002628887915125233	0.00945047664174741	2.0916838947517462e-05	0.015853564616388524	0.012796401077726003	0.0027089173074123195	0.0349227860340639	0.0007413754391076302	0.00032996418920829386	0.009786665518768133	0.021036572751177117	0.003920406525256013	0.0219931708864533	0.010393272841261627	0.03868774921245521	0.03708938230489707	0.025517400775053146
BoChr[15]	2.5244460282209947e-05	0.0005962985830544198	0.0003697659679427723	0.0002942042913630161	0.0033534032160731555	0.002427882205850267	0.001989118681348998	0.005637630193959921	0.004714041976099068	0.00047566309305328825	0.0001860055725978782	0.00034975737153295937	0.000332497110453005	0.00858395927017785	0.010846479628241923	0.0021434408979822094	0.01063207620669445	0.001409722230929398	1.9985283724963665e-05	0.004311953240194981	0.016240483444007622	0.005537915739259347	0.006764810725421171	0.007966722091027804	0.021502632135891417	0.047512612877724104	0.023356198487745557
BoChr[16]	5.340196269651098e-05	0.004974609724574989	0.0023183249526118744	0.002299702928513767	0.0025543932022992523	0.010801519580980426	0.006436779605064657	0.004675109164527385	0.003778175329849769	0.00045929878001516045	7.625658481629216e-05	3.479894506185582e-31	1.3915076806370052e-08	0.00788051498221762	0.023212836025631987	0.008884430290081582	0.006960313018539637	0.0028064846992492676	6.177061446237531e-05	0.005030685181263834	0.010999667888881959	0.0013603640371002256	0.004681347525547608	0.0005553181443247012	0.006581687793105662	0.015034921608748846	0.016225883286933255
BoChr[17]	6.645536957972098e-07	1.222290856972563e-07	2.094249164541121e-05	7.693444262457661e-07	5.137002784612029e-07	2.4871822455541094e-06	4.624645566430795e-06	7.181513253489649e-06	1.1786550706444963e-06	1.0895944889876997e-07	9.963638544748774e-05	7.925535894832581e-08	7.234883364333025e-06	8.900648371497855e-08	9.289726680399318e-09	1.1140689979751985e-06	3.1814352048317204e-08	0.017251203678989958	0.0144777211614651	2.3947756891606745e-07	1.447772556223713e-08	1.5483488853974727e-08	0.07272830521882236	4.997712283397736e-07	0.0007651834377211428	2.3476360152681397e-05	0.5789454082021035
BoChr[18]	4.849311197840933e-07	4.0057582582697646e-05	0.00027650441560947317	0.00039447461734551934	0.000479554109717852	0.00877893420407355	0.0012185069261220268	0.00022085043234859825	0.0017617157495003256	0.00023421790801387844	9.438667158934509e-05	0.00011068233369304032	1.073622685465736e-07	0.003742553001347648	0.00011940468385496672	0.0005963084956930854	0.008290883648373182	0.0038289587780262796	1.3800427467458576e-10	0.007664397150626882	0.03516907127687063	0.017687634273554558	4.33439828806037e-05	0.015829807233630578	0.06890097153728585	0.1379653143615331	0.0049135098920078234
BoChr[19]	1.252432950153981e-06	0.0002866477196072381	0.00013485193688691054	1.1837955633486886e-05	9.746085958646233e-06	0.0003694364590541782	0.008870106368022657	4.265292119498554e-09	3.5797333298263402e-06	8.064089581801698e-05	0.00011934072111934313	8.187565033068722e-08	5.257040229365689e-06	0.00013835703528395174	0.0033299164246358105	1.8403604889636328e-05	0.004113996699084742	0.008743764430582418	2.506342923745672e-05	0.007595912296716207	0.007157570139480018	0.01019777950977659	0.004406154328784737	5.385120981962643e-05	0.26428014510484493	0.013142373563890608	0.011063037372443976
BoChr[20]	2.799131083541795e-07	0.0003640798288378733	0.0003221761979156007	9.993674988329101e-05	0.0005799928603497938	0.00015831289235777036	0.008170707893143288	0.0005012929804226473	0.008349570504958326	0.0001473143894637019	0.0008897167136913306	6.600971289572044e-08	1.6031030714520874e-09	0.007615540462208532	0.02077045036712548	0.0009359184852887026	0.010969408986136955	0.004460280488103195	1.5839379727822233e-07	0.026922450413250337	0.019047946265573615	0.015821319196429613	0.001212592836474755	0.006605783221573347	0.043028277562519805	0.043354752038358126	0.023951198972936183
BoChr[21]	5.40583604316941e-05	7.006492321624086e-47	7.508028647862375e-06	0.001109534600940485	0.0009878766298430008	0.005486109924998459	0.00220727092540983	0.0015048893263986962	0.0046243916777208224	0.0014731192931412807	0.0006784287609209016	7.436119136400521e-05	0.0035814257733799426	0.0032534383476719242	0.004190552523690414	0.0008981375162069583	0.020679085804476926	0.0013677507499232889	6.402909144526348e-05	0.005909346150174457	0.0031016901737332602	0.003992227809503674	0.0015863386510318379	0.0028062041708491847	0.04368133352420812	0.02294743226188757	0.021580744115148036
BoChr[22]	6.127229733839279e-05	0.00014406402797021656	0.000314184237397086	0.0008436680260005858	0.0002083626901730895	0.005869690594435753	0.0017120749944415082	0.00014742901519639417	0.0007049091579994266	0.00034926690899980353	2.839317936674135e-05	0.0037131419575371183	8.407790785948902e-47	0.00582593694849062	0.006862070083152503	0.0008682137905998388	0.0003282287500132952	5.634034802824317e-05	0.0	0.003742605216301058	0.0014076837691840182	0.0042522973226585496	0.0013040407371863695	0.003968462135753725	0.07949328297533612	0.043322601578620376	0.022927190153496896
BoChr[23]	0.0007906090916196318	7.56652113712164e-05	0.00040077796899964826	0.0001411767899914551	0.0037924462614930834	0.006788165620549193	0.0005774011950444446	0.016990169406435208	0.02552224205716701	0.0062900367258339205	0.0009847472960299087	0.00010407162317839891	0.011501631041624591	0.008092938759125872	0.005325266713375996	0.004113957866386233	0.08072135655561681	0.0032764558342242944	6.184644437703279e-05	0.010889652895349542	0.007045208607333962	0.007149714983457968	1.0448407010699157e-08	1.1858542336469213e-05	0.02219933900436047	0.022030112082138658	0.04423073832760565
