MutationType	SBS80A	SBS80B	SBS80C	SBS80D	SBS80E	SBS80F	SBS80G	SBS80H	SBS80I	SBS80J	SBS80K	SBS80L	SBS80M	SBS80N	SBS80O	SBS80P	SBS80Q	SBS80R	SBS80S	SBS80T	SBS80U	SBS80V	SBS80W	SBS80X	SBS80Y	SBS80Z	SBS80AA	SBS80AB
BP10MB[0]	0.7466065692901611	0.7193824106454849	0.40820007843896744	0.0010603368932693743	0.020194741589383895	0.42839625049382446	0.0005598737954589387	0.004087858730615393	0.04232616908062255	0.01437737531863585	0.03266560816206038	0.005246551819197826	0.035648113398537615	0.049631653584686755	0.019413417600567154	0.07316589315955867	0.00534247865215523	0.005418763281525006	0.07013164775242607	0.02961524189679895	0.014278962437982854	0.010606679285243116	0.1129709533273193	0.05571743768933261	0.013670469177426963	0.0048593669944394435	0.03553612288844313	0.049820259621649966
BP10MB[1]	1.3459735725973587e-09	0.012578883694866363	0.00258908738455375	0.00011198720618267544	0.05595422892773058	0.14838048562407494	0.0030685320089105517	0.00525542975301505	0.005198215841155616	0.002565750992962421	0.0009296026909703498	0.00507465870352462	1.4012984643248171e-46	0.006560043081863114	0.011585971446836657	0.0024694921207264998	0.002692486676533008	0.0003148846875410527	0.0023024937030277216	0.005221614939319111	0.001701271909696224	7.839388708816842e-05	0.0015334110621279251	0.0017646747548133136	0.0009596696820346384	0.0009401271963724867	0.004532392094529732	0.0001649533136514947
BP10MB[2]	0.0	0.01751318675465919	0.1302307927981019	0.002361074662687295	0.04312439876826829	0.006149653737684772	0.0006246763886883855	0.005914992294826789	0.05256698056124151	2.0407185729709454e-07	2.802596928649634e-47	0.0005018161857151427	0.003956716172397136	0.002842440693639219	0.010813708718827728	0.04578928769798949	0.013496697075634074	0.010942072305770125	0.001074416339615711	0.0013374547130115388	0.00011734720982580881	0.0006096832104958594	0.0022394458693457318	0.003091886614274699	0.004321274372081962	0.00043386984768321494	0.004380350881513948	0.0011719374015228832
BP10MB[3]	8.560707964733184e-09	8.747347116866422e-06	0.0014056766676327549	0.0019725582102546467	0.03699140860699117	0.005651907436202351	0.001866542110510641	0.006062549002518835	0.008559820651134942	0.000762675464746394	0.00028840115128341107	0.00028538298822240905	4.2006794764439804e-05	0.004772757652683765	0.0022620033206294464	0.0026794081042630325	0.0018244268872449005	0.0009827562585838355	8.995567011879757e-05	0.0036650367433370716	9.87973977513551e-05	0.0015574154919568172	0.0029509415221491506	0.002264648044067558	0.003750391021883388	0.0010112525667477711	0.001966808150108186	7.291084912139923e-05
BP10MB[4]	1.1633772225849714e-08	0.0	0.00915173055138439	0.00925229190916241	0.020282910692039878	1.401298464324817e-47	0.0007516526514609723	0.004684808609040942	0.01424102732911706	0.0001339596619789063	8.959708356996998e-06	0.002170314095462887	0.0006724329595420289	0.001267779713900663	0.002364105371889309	0.014396006434956234	0.007124136372566774	0.001006183652146158	2.1019476964872255e-46	0.002581018645093237	0.0002753061260192169	0.0003896298028735146	3.6756579721384245e-05	0.0017727275726974767	0.002633093371433688	0.0004417112731243833	0.0029922012143299525	0.00030746981035918
BP10MB[5]	2.6342608734353233e-08	0.0	7.388862839434296e-05	0.004361495038028807	0.010300799270626158	1.5494015533477066e-05	0.0019298562972926447	0.0022545286833383217	0.003611591585831775	0.00021997037421442656	0.001242194952974387	0.0001088377481252707	1.702518964918909e-08	0.002166961261242335	0.00028140485112089665	0.0003928721776264865	0.0009249421818799463	0.0001241550026134064	0.0012251963213259387	0.001113896882512222	0.0001704288699552592	0.00021300242213328601	0.0005734011686661924	0.0017120559007215914	0.000819290728982196	0.00022343843016642495	0.0003336180371707087	0.0005982744926166106
BP10MB[>5]	3.0927799126220095e-08	0.0	0.0	0.03151918939314782	0.0012426677864550584	0.0	0.009012125234796428	0.005197442233902589	0.0009880367992764149	0.0006247358425704164	0.01624495574971661	0.01387491186202169	4.7744027570217894e-05	0.005555573719954066	0.0006476017110982218	0.0005395993750653361	0.0004230885207653046	0.0	0.0003888097107608246	0.00022802362014282096	0.00020150149504516435	0.0013109420449472964	0.00015205872754449955	0.00017757536792487372	0.00024332784116268158	6.535613734740763e-05	1.1210387714598537e-46	0.0003078115737952861
BPArm[0]	0.11249328188598157	0.05069706503301859	0.013800411867556778	0.00011830033666494401	0.0016531702221258416	0.016630600524949843	9.941275711753406e-06	0.0006669470300714409	0.002182616638687431	0.002030840786004056	0.0009405948018819183	7.640522511792369e-05	0.0017287370247060824	0.006804347162184854	0.0009398816394783191	0.006766475551994517	0.002267096894513269	0.0008208081996343167	0.0036554492788854987	0.003843826342080842	0.0028812460677619177	0.0020412029730350863	0.0018780517484992742	0.001240277527269703	0.001520121558860716	0.0007941201520004934	0.003935257355819625	0.0007065024142502807
BPArm[1]	0.00048240904489070145	0.009472859789766374	4.203895392974451e-47	1.8770236281939744e-09	2.6479968564530055e-08	0.030276922258966294	3.911388688493389e-09	1.401298464324817e-47	4.6639856066121865e-09	9.136245608942772e-09	9.21959903791958e-06	0.0002529253201309922	2.991710625011024e-08	2.7800526343213505e-08	0.00031374162385147344	1.0249876041257267e-08	5.7603164379997905e-05	9.060308769903714e-09	5.605193857299268e-47	1.0855054597413983e-08	3.446531991357915e-08	1.1415040859219517e-07	0.0007705802520951011	1.1079652040280052e-08	2.4138209369084506e-08	1.7189348138799687e-05	0.0020733101269111293	5.7777221798005485e-08
BPArm[2]	0.00016024848799162328	0.04076688060075085	0.015208155799529166	9.147016477584202e-11	6.565842904990404e-05	0.0025738701125078835	6.749974179598439e-10	1.1482403648255257e-06	0.00023890444544981903	0.00010406775119320422	8.407790785948902e-47	9.086970886755807e-06	1.1469591782997668e-08	1.187347488347752e-05	5.286847795105132e-09	0.0005000227593679618	8.800309842627029e-08	1.0780569255075534e-08	8.410141253094139e-05	3.071595813253225e-09	7.201750236163207e-09	3.877544943270708e-07	0.0017099761031568051	9.160139029518177e-09	0.0	1.830231250664838e-05	0.00013976398438856564	2.023863146007443e-05
BPArm[3]	3.3629499723852876e-08	0.00200743931630571	0.0023009402229217813	3.4959023878400332e-06	0.0012350577494669324	0.01680686156003219	2.802596928649634e-47	6.21824949009664e-05	8.967178244347452e-05	0.0	6.572043830539442e-06	0.0005013656203143313	1.4882853164799315e-06	0.000278659369678067	0.0011584661502911332	0.0006866471587733969	0.00018148365532802302	1.4563339304629607e-05	0.00012510478678450453	0.0003048917553773123	1.1182162103011706e-05	4.133851722844639e-05	5.845254625953089e-05	0.00022088003763030882	5.152970388451194e-06	4.165298596312539e-06	0.00011482724075904117	0.0004103346668764688
BPArm[4]	2.0579972712653216e-08	0.005030892643950224	0.017653662447700925	0.0	0.00011434871415403337	0.003276403149521343	0.0	5.033984543842962e-05	0.0009594456609374901	0.0001114775367862547	0.00047942353629025546	3.76935419626534e-05	0.0003541334704820898	0.0001042421962547735	5.105334483346269e-05	0.0016937979561896554	0.00010166955413296818	0.00015812939032912256	7.336110527830897e-05	7.376717131222676e-05	0.00012177677503132145	2.7127182111144066e-05	0.0003967578392712312	0.00034321398910378773	3.044215209229151e-06	8.917757135350257e-05	9.151737380307168e-05	3.255135079143656e-05
BPArm[5]	4.2404070350610114e-08	0.0001786956739546497	0.0031463271417305804	0.0	0.0029015213721959297	0.0064529912375709845	0.0	0.0002328382967948528	0.0003141282368596876	0.00011845262603628726	4.488304203148719e-05	0.0002865193784236908	2.4027759826452667e-05	0.00041327918991267864	0.0013390827429658181	0.0008508281372816935	0.0001630794916431455	3.646996919997037e-05	0.0003272214887692826	0.0003710937626313182	2.3216888574850712e-05	2.2237820867303527e-05	0.0005844325460714828	0.00028357903740470645	0.0002786331012816845	1.379983761580661e-05	0.00028356762963589353	0.0012257132221138178
BPArm[6]	8.76151038942119e-09	0.0002595392785853967	0.010635263151489199	2.109351130670234e-05	0.0006399525906510917	0.0012410193493593625	4.351751200427856e-05	7.329262160112649e-05	0.0023849291209626245	0.00026592917957685814	0.00014666688359284307	5.630024214042374e-05	0.00034227759755643737	0.00010563444693143964	0.0003006558000924997	0.0029668445125707876	0.00013864514956367203	0.00022860156451748993	0.00015897384200997067	0.0009096705534102524	0.00012759299360141086	0.00015583282090385396	0.0015577221791873797	0.0009439153076893092	0.00022522869382555656	0.00043128078105382885	0.00029179311608914236	0.0004245930730098735
BPArm[7]	4.239337211053851e-08	1.0848759757209336e-09	0.002347686231369153	0.0	0.003277603149872448	0.0024719674656552117	0.00015519897370324997	3.846259502097382e-05	0.0008300492910348112	0.0	2.549655717302812e-05	8.035440594539978e-05	3.655777228388502e-05	0.0003080241978290843	0.0008166923670614778	0.0004718129002096827	0.0009586910572397755	5.311058404913638e-05	8.03304988680864e-05	0.00022516170259414991	7.858417387630823e-05	2.1057433041278273e-05	0.001764089500134105	0.001161274415758271	0.0019092164797302757	8.045173715800047e-05	0.0002301744594029742	0.0003703714558194804
BPArm[8]	2.198732079961019e-08	3.058582311496138e-05	0.006008348327595741	3.295793234428857e-05	0.0019516847265197157	0.0001853337962992896	4.469285961022251e-05	7.351688786400246e-05	0.0021216712915338577	8.503289991779184e-05	6.29956746706739e-06	5.0539265200511e-05	0.00024172681989718424	0.00010550010264239518	9.055367840820576e-05	0.002099792992485163	0.00024772832704053285	0.00016539980613742956	0.0007779328252951245	0.00012758628797129745	0.00044253676333710245	0.0005123728710168507	0.001052310143987114	0.0004729591328644389	5.500073245684689e-05	9.930607669957681e-05	0.00029403007341898045	9.679530215123578e-05
BPArm[9]	2.374302213059565e-08	0.0	0.0013376798629178665	2.4141697722370736e-05	0.0025306863806827096	0.000665574379556233	5.782175190688577e-05	0.00042230961772258266	0.0013477309883455745	7.69177163419954e-07	5.854811406607041e-06	6.166494596982375e-05	4.058671117768142e-05	0.000341445598071175	0.00046461821244861315	0.0005357006898356431	0.0007981753145759285	0.0003581253932952677	5.930332222554568e-05	0.0003044541667824063	0.000201094160715864	0.00010383774780166277	0.0022824189448147083	0.0007503049624219216	0.0002454586544320136	3.5015353169001174e-05	0.0001410361891339562	1.71614543069154e-05
BPArm[10]	3.4708903804414606e-08	0.0	0.0029049769463017584	0.0001992727167157685	0.0020308163508889264	0.00017350268753943965	7.900747351428094e-06	7.325336795474869e-05	0.0022563199570868166	3.202085063890081e-05	3.2759993337094783e-06	4.025508639719231e-05	0.00013085921219776252	6.630564433571351e-05	0.00019553967923684467	0.0017293673779704478	0.0005855825809499904	6.894268095493317e-05	7.781427958434505e-05	0.00033577965740363427	1.4422405061438327e-05	0.00020868521060037892	0.00017367911448218365	0.00025410574674424426	0.0005169965309289637	5.9321790532322895e-05	0.00019867353656081833	0.00040049558577351266
BPArm[>10 & <=20]	2.3915346099023793e-08	0.0	0.0016883284878258563	0.003068236967969824	0.01540925920009613	5.286593479988373e-05	0.0005808328385390743	0.002966218973197101	0.009294458294752984	7.39517775218701e-05	3.9989535271161006e-05	0.0012218900490051964	0.00012724184695485973	0.0015194032285089421	0.0012028777650191058	0.004509316529147327	0.002213998780534699	8.99581381418102e-06	0.0004254271439835122	0.0004173560061913406	0.00016352772753702282	0.0002584525275017313	0.0009448116630477444	0.0007723596477705997	0.0021266804184347293	0.0002840797323733568	0.001088190641971778	0.00010999776988231957
BPArm[>20 & <=30]	3.625647876148719e-08	0.0	0.0	0.003036733753979206	0.0022032498416956516	0.0	0.00170537719002553	0.000619109076769746	0.0010173870607104619	3.5574786306824536e-06	0.0005609918178470252	0.00021918624408812093	1.0398076284445778e-08	0.0010875402304650805	0.0001394699135994415	0.00013300382623128825	0.0006036907115887402	3.4074194627464747e-06	4.5293589272432656e-05	0.0004364920231263625	1.135760462886992e-06	3.255059667935711e-05	9.80908925027372e-47	7.689338293857873e-05	0.000856165746699844	0.00011356595904089772	0.0004952568469161633	7.562939426861703e-06
BPArm[>30]	7.409651080703127e-08	0.0	0.0	0.003920716211432591	1.0510955471545458e-05	0.0	0.0013095634870686369	5.726017055831534e-05	0.0	8.955103697871891e-07	0.0030362066817178858	0.0011193468946419868	0.0	0.0005675244465989238	7.313453588783325e-05	0.0	4.4133857036854355e-06	0.0	2.0005181511351113e-09	3.4007763360932584e-09	1.8808329116382084e-09	0.0001250888395588845	0.0	0.0	0.0	2.6123854331672193e-06	0.0	3.005706507792638e-06
CN[0]	5.079714356597265e-06	1.431534759177566e-07	0.0016192001052100858	2.8156126319345276e-09	2.4767309285689266e-08	1.1881681025727175e-07	7.006492321624086e-47	0.004432611521851939	0.0025972622590818163	0.001092768956044079	8.38647775225354e-09	1.716935169670023e-08	3.331968962072551e-08	1.46298928306976e-06	5.364187917714265e-09	0.18398710431412268	0.003016308210051537	1.4818054712151252e-08	2.5440287890616985e-08	6.922757317625951e-09	1.3358049200107302e-08	2.40255021024139e-08	2.1062739117283515e-08	0.0037957714221076295	1.4329623549969029e-08	4.046749915387338e-08	0.0037053142137575467	6.795768835665683e-08
CN[1]	0.0005486671114196095	8.45848925476976e-09	1.4659773327352355e-05	0.00015978017111742605	0.00058600081166162	2.30852882645749e-05	5.605193857299268e-47	0.0007845052590034218	0.01125752593044158	0.47239290207624435	3.081986025108563e-06	0.0011051803494905733	0.0015515807637361775	0.0020317150760639493	0.002793703475453739	0.047699438008748075	0.0024707833001170877	4.429371755150235e-05	1.3147017071063418e-08	7.870375980019161e-06	0.0005925766677368438	0.0002847405986180007	2.9951280700266193e-30	0.0021951886075773303	0.0006143400290541479	1.8711703810367907e-05	0.0005724696722865019	0.00014996039153700736
CN[2]	0.002674032456966806	0.0005350949850098101	0.011199242433040575	0.045980774968009126	0.0050214531438534	0.0011067518377848478	4.523879554014343e-05	0.007546641888797281	0.002759002117515394	0.23207359393255694	3.115830710157752e-05	0.0065186656758759376	0.8715389477461577	0.017801674242834707	0.007255383923818526	0.04119960035070193	0.00670220483455243	0.0029223795915330635	0.000395343254768973	0.00586192259683562	0.0020917887233244943	0.00026758661233088787	0.0017948172859573103	0.001271201617485178	0.002069697373389202	0.007274425497864407	0.0044254972222705965	0.0013973991936457749
CN[3]	5.693384521440425e-07	0.0003455119207529833	0.00038095097988915307	0.08620713015495313	0.012971548979394357	0.03611041310993727	0.0019790934072807433	0.018621104542557988	0.032582713137664775	0.0	0.0026128324400633575	0.0072216842797132585	0.0012593594800127405	0.010300313238691456	0.4665618513524532	0.002143049751757644	0.007877969194702815	0.03559829900583983	0.056312170756376644	0.007567050179059152	0.0416562280107685	0.012698643959811306	0.05346373187073027	0.01602763612636522	0.01937505587082228	0.01804284672089068	0.0047146237679716214	0.012455738950161504
CN[4]	2.4070220397687247e-08	3.5870731096565576e-09	1.401298464324817e-47	0.00376900068187922	0.0004945913160725012	0.00399800134651076	0.13989276502281428	0.2079501882149134	0.005387110915057995	0.0	0.004884307636147014	0.0007484669113307518	1.117298182862214e-09	0.012219367212015619	0.11099743770387192	0.0006543353844240585	0.01535389742412164	0.000808998721096259	0.0038350153682898025	0.007889374034757625	0.007645211125928704	0.051453710887062416	0.0251976955364076	0.007103516595238382	0.009876405443716827	0.004134606123399891	0.03527576469038621	0.024193467552787524
CN[>4 & <=8]	9.310183896715784e-08	8.387692749245445e-09	7.349090260788671e-09	0.0007493480716676614	1.5475744880556146e-08	8.933977746199651e-08	0.3993591763079166	0.00505067945320241	0.08252552774812756	1.401298464324817e-47	0.03191922145249272	3.6936854073132965e-08	2.486661274403446e-07	0.008560242166457987	2.5591505798558957e-05	5.631755301127583e-07	4.987945780499104e-07	5.4855567226752584e-05	5.812425915507902e-06	8.256952769330242e-08	7.843372541858074e-05	5.653414785285804e-05	1.5623344184850403e-06	4.96115624741833e-07	5.572418766134299e-06	9.23929844129772e-07	0.0031697535493794503	0.00012305688358608792
CN[>8]	1.5420320457870672e-07	8.284216428400271e-09	9.765194445238853e-10	2.0964422141389606e-07	1.560159113012105e-10	1.1134693422192784e-24	0.003347568882775249	2.67100542572507e-09	1.8785810731003495e-07	1.930160751228982e-09	0.23252787113189696	4.9137754594141825e-08	6.059912749378782e-10	0.00018917493390461587	0.0	5.234065407755395e-09	5.8145597568122776e-08	4.203895392974451e-47	1.942392096054846e-09	2.705039605643833e-09	1.8447798971733127e-08	1.9781177584832222e-10	1.0404829298451546e-05	1.505717008853935e-09	5.2094610367703354e-08	8.02486825421056e-06	3.881425527652027e-09	9.481789220444626e-10
CNCP[0]	0.05444703737849409	0.00013914573392156626	2.7539573715671394e-05	1.401298464324817e-47	0.0	9.80908925027372e-47	1.401298464324817e-47	2.4287907872349025e-05	6.23481944779769e-05	6.2154965150345375e-22	1.401298464324817e-47	0.0	3.558051178131905e-09	0.005216582688775801	2.4810577770040256e-09	0.0017425320724759885	2.802596928649634e-47	1.401298464324817e-47	0.0	0.0010966461151838303	0.0010117793083190918	1.401298464324817e-47	2.802596928649634e-47	1.2611686178923353e-46	2.1650483006396827e-09	1.401298464324817e-47	4.892779437287054e-05	5.605193857299268e-47
CNCP[1]	0.0	0.024896432037930936	0.08804400257446332	0.35213393975049256	0.2878263717560412	0.08174994999172702	0.01588316490408033	0.0006973816454410553	0.000875922217965126	0.16016046263959652	0.000195675790309906	0.3593241935909786	0.00797754004597664	0.00961712328871446	0.060001536162755345	0.0057353669591248034	0.003642258676700294	0.0007764229923486709	3.182681695079737e-08	0.005039661563932896	0.0026226816326379776	0.021701494846784044	0.003140461231141671	0.004081402793526649	0.002091497275978327	0.00378059983253479	0.0024522516783326864	0.0016299081780016423
CNCP[2]	1.4009098876499592e-08	4.198740555239055e-09	1.1399330134054253e-07	0.002136837533960829	9.527893822783511e-05	7.586987409707726e-05	0.07402713589447156	0.35979339939470945	0.02201594563444176	2.188715178874645e-08	0.0011874160664198997	0.017820713621627585	0.0005050193038398605	0.029641509044754315	0.0023816839476565655	0.23115596206274858	0.0012515499521820472	3.9292383723932286e-06	4.2013168510199316e-07	0.0023364363512147724	0.004332315350142153	0.006488659631603468	2.1454746960489514e-07	0.0026275535848327538	0.0018945416531522597	0.009878460460454904	6.636776546883994e-05	0.005816112619176015
CNCP[3]	1.8548533522455556e-08	3.6383872270562277e-09	7.048386660102324e-08	0.0009565404688314061	0.0007677635740901678	0.00022519826715463153	0.035671431305536315	0.004784444032176225	0.13364895325154066	7.885248052730276e-08	0.01758759942596292	0.0014842341415092618	9.026224551206497e-05	0.01668618541706042	0.0003834542510210781	0.0014842217021473014	8.634447881263441e-05	2.2990448940163332e-07	9.626975614864364e-05	0.0003785880428292998	0.0003181664154090047	0.0002386055671797099	5.308687207161711e-06	0.000284398842986775	0.002361703104469228	0.01881126842460368	5.503299405745565e-05	8.797282654992532e-05
CNCP[4]	1.4425867794543024e-07	6.558278039747734e-08	3.221733229139545e-06	0.00032889714648035804	0.0	3.498296926807143e-08	0.01654341410959262	8.911198769368412e-05	0.06389316784683614	0.0	0.03274452434852719	4.768186965691256e-06	1.8216880036222623e-46	0.00486635460951641	8.207755448097487e-07	0.0006729563200951815	1.0658229121635055e-08	5.605193857299268e-47	6.84752908752806e-08	4.441245938124894e-07	9.784810998781166e-08	8.637490736873587e-08	1.1743378979911512e-07	4.7071852161906235e-07	0.0009321878028513511	1.0344119260707885e-06	1.439911692386886e-06	3.4267416561741585e-06
CNCP[>4 & <=8]	1.362412268157698e-07	6.124820535413633e-08	5.790621901979876e-09	6.710272260610495e-05	1.981035993026126e-09	4.495655113956332e-08	0.0006375217462055005	1.0903753455693277e-11	0.06540851952616322	2.802596928649634e-47	0.10524803057312965	4.6962975321918065e-08	1.2327294882652495e-08	0.0009895220074882616	1.440893445447955e-08	6.470674314584812e-08	5.659660473611439e-09	9.043594673130429e-09	2.1873260753865673e-08	1.5999261790966556e-08	7.417558745503629e-08	7.739555520913654e-09	1.7075151994699534e-08	1.4683472500109929e-08	0.0009246420123711374	5.572575645373945e-10	5.1110128396203435e-09	2.1271696297731068e-08
CNCP[>8]	4.3508409104831e-07	5.11810728731632e-07	2.1816001421370857e-07	0.0	1.401298464324817e-47	2.1118468462866247e-08	0.0	2.1309863029728147e-09	2.286775120721729e-09	4.5111168525124865e-07	0.10646300688385964	1.5403751421061428e-08	1.3285137750562726e-07	4.021466306625143e-09	8.79108835505349e-09	4.804055579343824e-08	3.883793553427495e-10	0.0	0.0	1.8313018301796547e-09	3.969059105699557e-06	5.367349231732988e-10	1.5318259793701828e-05	5.212475553406648e-09	2.802596928649634e-47	0.00014958045600821368	5.45165366432343e-07	1.3976695925066452e-08
OsCN[0]	0.026733780342367935	0.00017212619811554753	0.0005843082442879676	0.01659072466821118	0.02090898132998836	0.011639263209626678	0.08481202318670254	0.007520352800978751	0.010969003255513598	0.001341947151231589	0.16327163189649582	0.004282420835227754	0.01688167459403372	0.541028067022562	0.008207009298388836	0.002004997945315215	0.003251828988979706	0.005023949140992935	0.018627186187975094	0.010179554842320436	0.004407434402792048	0.0057840788415753856	0.014061542668464676	0.01097973775789828	0.011360315587087588	0.0037741343397647144	0.004537783101188115	0.04536043153838559
OsCN[1]	0.0	0.020960538119543345	0.0524501440115273	0.011507142200425733	0.024467863691970706	0.0026107725279871374	0.03391069011762738	0.034046996652177766	0.11743035458028317	0.00012991723604500294	0.017068645802792163	0.02338921531569232	0.004850838359238493	0.014699823970631768	0.045667133518477385	0.054181764051318165	0.02507019919693051	0.01084469627650599	2.938312648748109e-12	0.005002175346383682	0.0223827860386937	0.01158531881752424	0.0030388273664812004	0.0072743769836874275	0.013624511755239795	0.042710490822792054	0.0029534517880620116	0.007353978780017185
OsCN[2]	1.1444464753651573e-09	0.0	0.00015561556676402688	0.007306513877119869	0.012347035764541943	0.008504902587737888	0.010047138895606622	0.006420574910853267	6.326737318886444e-05	0.0005837196657296317	0.004286407406721082	0.010076681617742339	5.342969445653786e-05	0.0050112844551474115	0.005064003699770865	0.000695003337050366	0.0017389555628648167	0.0018818844648120876	0.0029457962678136346	0.002485693944029215	0.0012922949114295079	0.0009039927420420724	0.00529456121118712	0.0066573623752287855	0.0022972053497941403	0.004238328844836587	0.0004031374517069869	0.004602233560618228
OsCN[3]	5.004366228078538e-09	0.00024007681175135077	0.01393678552868721	0.008346399345173268	0.006569105734786263	0.00010749657405540348	0.001297624612707304	0.007238000182398991	0.001651115296408534	0.0005533585331299662	5.592408531811088e-05	0.013587476941756904	0.0007592873329266082	0.0010119579605135875	0.0012924616046527148	0.012873977232375182	0.0018071199886940115	0.0005591095306888903	0.00022170534365118058	0.00037678142235449743	0.002649497628399361	0.0014225454738107145	0.0012274363414530854	0.002290737850980804	0.0003153568002744579	0.0019712678018015658	0.0005649535336908684	0.0003202005207822367
OsCN[4]	2.9458962451656133e-08	1.9269711160063708e-10	0.00016255776048637927	0.004696858964161947	0.004251911921601277	0.0008744022758764913	0.0008068549726885976	0.0014441854159986179	2.581500739324838e-06	0.0012216242182455518	8.666115172673016e-07	0.0032464544696267695	2.0636534241162963e-05	0.00038080765357417334	0.0011603615352007203	3.398558616027003e-05	0.0007211224582334807	9.829381485587874e-05	0.0005276290020492582	0.0006621501762893978	4.240337597742894e-05	0.0008356253774838642	0.00036247209873701	0.00147860869291776	0.0001980689431547944	0.0003407947001824141	0.00014967211722250796	0.00029753987789035816
OsCN[>4 & <=10]	1.4256864147021986e-08	2.7277733849473405e-10	0.002217285012447974	0.013626424386166036	0.005730262265715282	2.212537708601303e-09	4.568965639919042e-05	0.0017993008147254841	0.0	0.004485550820089656	0.0	0.010365445812713005	0.0003834859876173269	3.320227548265109e-05	0.0008389841104640539	0.0032337078243836	0.00011124192038550972	2.8848827350884677e-05	1.401298464324817e-47	1.401298464324817e-47	6.51645919447219e-10	0.0006199704133522132	3.3517511042191474e-08	1.080401115994434e-44	1.5414283107572988e-46	0.0006872617177742769	4.6473445536321377e-10	0.0
OsCN[>10]	5.808682409735866e-08	3.3223351181277393e-10	0.0	0.0034438435325864704	0.0002612962609137759	0.0	0.0	2.236002145536986e-06	0.0	0.002035838772569605	1.9669368356289853e-11	0.001672343312529847	3.5874594690062306e-05	8.477458735001164e-10	5.805089248401174e-05	2.9385425688932544e-06	0.0	4.3324413390166685e-10	1.421776474330727e-08	6.308265909638066e-10	6.728775758801931e-10	0.00029054156915155006	0.0	0.0	0.0	4.879136247622817e-05	3.6868128177047764e-08	0.0
SS[<=2]	6.56354976857898e-08	1.5509609882613518e-06	4.6547852727840675e-09	0.0001294008251215928	0.0	7.437913115637684e-06	0.0019567975730751643	0.00029588874166165625	0.0014369203749811277	3.5390143921176786e-07	0.0014526221019332296	0.0034162107736106116	9.168886118743558e-05	0.0005805904192597211	0.0006243220819851558	0.0005689844116568565	0.00011933680839320005	9.023912902648711e-05	1.335966750048101e-05	0.00010276806320828059	0.000992589901421752	0.0008926602359187186	0.0004440132757167703	0.0003983817784660459	0.00019383876912343112	0.00015612100716680288	1.3334251129890617e-05	0.0008631135513360277
SS[>2 & <=3]	1.7399206736712358e-07	2.1682398044786665e-08	7.600493745485437e-10	9.551715239802916e-05	0.0	1.4230671752102352e-09	0.00015090611312022163	0.0011699107824844556	0.01841495207233642	4.972687506210604e-10	0.002038758216713177	0.02211510990456338	0.0007953150541217368	0.0035608013488919	0.005241603031754494	0.005199465469927045	0.0009706506150727279	2.1669983107130973e-06	0.0	0.0008990816287560221	0.004020176994598898	0.004129971043412303	0.0008034339454704309	0.0017287731825236109	0.0008921779692173005	0.0014700426275831547	6.264142484724289e-09	0.0017762182528823093
SS[>3 & <=4]	1.1845021666179179e-07	1.0456325227892194e-09	4.203895392974451e-47	0.00030020995772247263	2.988132487935502e-07	1.6141388362623635e-09	0.00013783436268568038	0.004929779096710223	0.06756230769027896	2.500185514790587e-05	0.0005415327698732708	0.1111335684416872	0.003352044817748947	0.01493176593059232	0.02234310135203799	0.02129504401351653	0.0040777063001863215	4.575274319904566e-06	6.011940631021062e-05	0.003751683473208942	0.016486360259854962	0.017637485350146562	2.5170502229165946e-08	0.007196891656417392	0.0038218559668664865	0.005865486985211774	0.0009284895205173882	0.006572624519467354
SS[>4 & <=5]	5.085090284961957e-09	4.4953650351828856e-05	0.0022286619423289265	0.04197763021705441	8.407790785948902e-47	9.312313981354237e-05	0.003194160070775465	0.024932838093923236	0.007295778012537943	0.0011873623614093276	0.05909596005465453	0.32794262178242206	0.0009589058732863442	0.0030543230848039116	0.0023260906481941267	0.04989339511351829	0.00025202712728514596	0.0004288769042987613	0.0001127289925348407	1.1911036946760945e-45	0.0025787616277418123	0.0323268343793913	1.1803956466541114e-12	0.002137646285635812	0.01123064900734164	0.07097617998984106	5.059894500902829e-07	0.005394307146235064
SS[>5 & <=6]	5.0777564375437125e-11	0.008177173894203377	0.003453513396489143	0.2563254037499428	0.008957059625536203	0.00011156621389091015	0.06060408897829499	0.09091678036974617	0.004263120167888701	0.057265063057701474	0.1173021000623703	0.015401473185047507	2.1019476964872255e-46	0.037452270445487344	0.005337898879181342	0.018166650999337435	0.0014105874300003051	0.0014633699133992195	0.004395418849252337	0.0034477041475474836	0.0015240748650872105	0.006053617078293181	0.012389476974299832	0.005356625172425993	0.005348694402330936	0.00458452758401279	0.0016779113250231603	0.012181925634391888
SS[>6 & <=7]	0.0	3.919794224208856e-05	0.0024728581868112085	0.0696577338055539	0.29187065780162813	0.019878978209994784	0.0264688836162191	0.07493848106823861	0.11482257924042642	0.00735127329075226	0.028164403524715453	1.156654441729188e-05	0.00012893601320683955	0.04523207299876958	0.012528324255135885	0.0486826583015045	0.00837435394525528	0.004815086099212636	0.00834459185677749	0.03653897364138368	0.003968248588415939	0.0051348937040313555	0.002697451692408766	0.01799238437248993	0.01024316038942061	0.009819321638381706	0.012050223185053808	0.007026167793979421
SS[>7 & <=8]	0.016485968107008375	0.05628147652372718	0.15902968720998614	0.001140831863516776	0.05572831522827399	0.14409821648150684	0.0029650260606592692	0.012459954034756504	0.03776740975769515	0.009815370724318213	0.0006681421051286886	0.005126725734189466	0.02685280765428244	0.013413527414836111	0.019984453181623743	0.04396652448107488	0.057621552970522315	0.034421984426444396	0.026568392768967896	0.03242220450301178	0.020131486982402608	0.010041799112452406	0.017602099236100913	0.01619819434343299	0.02868712120107375	0.0030609458745281316	0.02052807089090493	0.006271902336743482
SS[>8]	0.03639290723182967	0.021773514139201266	0.0002110056459657983	3.672725341630212e-09	4.893442512366714e-20	0.0018926611372535262	1.0261202909589429e-09	4.719614921100401e-10	0.0	1.401298464324817e-47	0.0	3.2623958201583036e-09	7.086201492256805e-09	3.004985229981827e-07	2.6142517217664363e-09	4.2890558660246826e-10	0.0	7.313074359416305e-09	1.401298464324817e-47	7.986092392897604e-07	1.1226342394365929e-07	4.133353002089279e-09	0.0005726286741640507	5.605193857299268e-47	2.718888367780892e-09	5.1483722813827645e-08	0.0005192524179560109	2.265185656824542e-09
NC50[<=2]	0.0015168170258402823	6.682848496808447e-11	0.0	1.4858279266949382e-07	0.0	0.0	2.885387948481366e-07	1.8799353185272593e-11	0.0	1.7016869247044043e-10	0.00011205065860300678	4.325892639656104e-08	1.2410554006692109e-09	0.00018266242928802968	0.0	0.0	0.0	1.0587733411995259e-05	1.837293012840746e-08	3.967425300743344e-05	2.895755796089361e-05	1.5837911999661003e-08	6.605782232327328e-09	7.291276233445387e-08	7.288489922263608e-07	4.857153677618964e-05	0.0	3.813998529277996e-05
NC50[3]	0.00047572009221767073	0.0007727088684623595	4.8555617384637985e-06	3.727424115531619e-06	0.0	0.0002116161584576659	5.965284710640617e-11	0.0	0.0	8.157139123546874e-06	7.296773607635032e-05	2.3039893885146156e-06	1.6037899968068812e-08	2.8334011801334216e-06	0.0	1.2312108310652547e-09	2.3574054331731985e-07	3.7244419104354163e-09	5.925902970105312e-06	0.0	3.4262242668781085e-06	3.2890799282370155e-06	1.6562008303040443e-05	1.121146644951665e-05	2.5815958011321526e-08	1.801509736836436e-05	1.1372041764445966e-06	2.37915332945704e-08
NC50[4]	6.490433351252989e-05	0.001465677813757793	6.944914919586154e-05	1.4035289075309265e-05	0.0	0.00039262230227905093	7.711611793581596e-11	0.0	0.0	3.369516276507056e-05	2.3633606311843636e-05	1.676799530741846e-05	1.3423570948134512e-07	1.13958078691212e-05	1.401298464324817e-47	0.0	3.807647299254313e-06	0.0	0.0005783389067983081	3.265286795794964e-07	5.474582940223627e-07	4.829162153328071e-06	6.681751619908027e-05	0.0	0.00015690397763592045	1.081372715816542e-09	3.446236027230043e-05	0.0
NC50[5]	1.5536978737848984e-05	0.0010000298003092212	0.0004197487195415306	0.0	5.897369555896148e-07	0.00038106491381853405	2.8052823236066615e-05	5.328796066972785e-05	3.640120121417567e-07	0.0	0.0	9.896162409859244e-06	1.9918668912168868e-05	4.030456389443771e-05	1.7364446161565184e-05	1.2244933233835909e-05	3.105866405348934e-05	2.393837261479348e-05	1.475629978813231e-06	0.00015946067038951598	1.1188211828994099e-05	2.321968140861941e-05	9.703541158472716e-05	5.916977235756349e-05	3.203803869837429e-05	4.079034260939806e-06	0.00015183544165893182	2.762750518741086e-06
NC50[6]	1.6241125241478473e-05	3.919722138192583e-05	0.0009944417420774698	0.0	2.2752591469847873e-05	0.000517477499593042	1.701118995262263e-05	8.923743914311721e-05	5.7028912269743156e-05	0.0	0.0	1.0877902277570683e-05	2.1024001252669677e-05	7.448020545382406e-05	0.0003522164544381212	0.00010256749577592927	3.889562794412923e-05	1.439719900304226e-05	0.0	3.8126951864114743e-06	2.8361405202304013e-06	0.00010617991409532123	0.00019034195461472336	0.00022818775245582402	1.0574129410088062e-05	6.335522746667266e-05	9.168607566179432e-05	4.838751861825585e-05
NC50[7]	4.98271009206519e-06	1.3955530607923095e-06	0.00015632896674972586	5.888519444852137e-07	0.00019461902220019311	0.00011471395197645506	2.8644566191360353e-06	0.00015132828887317373	0.0001563922037782106	3.4859386772723156e-08	0.0	4.402384438435547e-06	1.1878624210055478e-05	6.972690254180237e-05	0.0005324920891325747	0.0005254882235897185	0.00011461514139227803	0.0	0.0	2.0484901129691478e-05	2.185728935842235e-05	0.00015194637162494474	0.0002682681971329615	0.00014890349170286753	1.209031674079597e-05	5.744002522988012e-05	0.0005071607312130766	0.0
NC50[>7]	2.5058131069499722e-05	9.830643499597613e-07	5.194838340685237e-06	1.5039992584675587e-11	2.26769826636497e-05	2.5749075883441106e-06	2.9042683813429447e-11	4.513340979457325e-05	4.7480719510057945e-05	1.572601953423458e-06	0.0	0.0	2.3018060134631922e-05	9.696538902180585e-05	9.377754962699215e-05	0.00024246759312518407	2.661617461318766e-05	5.089365862076534e-10	0.0	6.014434791659085e-06	1.5921184792633268e-05	7.79211964539428e-05	0.00014001417393180837	0.00010208892289952587	5.894849059906448e-06	3.418925190585398e-05	0.0002627700743325079	6.24398399651227e-10
BoChr[1]	1.685784072869012e-07	1.2941484650674795e-06	0.0005569542475694788	1.4959370250088974e-05	0.0007742707480312546	7.909917108023023e-05	0.003018791673926872	0.0006349640004294335	0.0006913941504822746	0.00032809017654628596	9.055841038393117e-05	7.534636305909004e-05	4.290224186576099e-08	1.36098463108425e-05	1.9833261601631865e-05	0.0012853201143985648	0.0025285668022597086	0.8449614216759801	0.0038993173570142825	0.00013449148536382022	6.108950988683898e-06	6.260132431744644e-05	1.858389308617675e-05	1.4581299228281333e-06	3.754420961830121e-05	0.0005636485241895498	0.00015547995102329205	0.0010219646938345558
BoChr[2]	7.849394650825126e-06	0.00011219163420925771	0.0018668058031159496	0.0009141531973369155	0.007365366153082959	0.0003097139789656467	0.01246506487503952	0.006340922101629891	0.0006854974513620249	0.0021694454339210977	5.283385284826636e-10	0.0006888992885100009	0.00036078677903311984	9.17684395595586e-05	0.01551253283117827	0.007472321835933968	0.1916064394870648	5.9866920570357254e-05	0.00017195258127793544	0.0011233391612768173	0.015648056544802388	0.01771059776989489	1.2268010721179224e-05	0.03215899130778408	0.00030016465523790756	0.001060633320836537	0.1024100717513565	0.007330377057456046
BoChr[3]	4.130389349099595e-06	2.0596045545460128e-05	0.0010210589225974332	0.00021945579945495953	0.0022422706333260667	0.00016099928990385593	0.007001601473318777	0.0002574083385121462	0.0004891239077467951	0.001962959375418247	5.5589543494973804e-05	0.0010666959291225275	0.0003551490594685563	0.0022217134990826833	0.00164603058917362	0.004263038966122821	0.43153895885393007	1.4628390341637764e-05	2.7166998860343908e-05	0.008128718087283566	0.058861853225867705	0.010271457710928838	0.009607122159046029	0.005622125032682632	1.4710979611347596e-05	6.392684096320199e-05	0.0009554498149730568	0.00036292077558812695
BoChr[4]	3.8783910882966846e-07	3.091770361517663e-08	0.0010138142984236964	0.0001211932772590154	0.001096054329996487	0.0016719113869747204	0.0011353728221030655	0.009571804684844528	0.0025016635121627396	0.002291007694407785	0.0005932972046326501	0.0030348437353970637	0.00776563316936631	0.0010003759763798459	0.00931446093139404	0.0050235636205932365	0.03191920671260675	0.005586912009278965	0.012424252249487311	0.01493592677538146	0.02376682698443762	0.16174001083272344	0.0169508739698057	0.0608263096981905	0.00025868342229939945	0.008208538825130462	0.03553912507272741	0.0035944751049390078
BoChr[5]	1.611485233942514e-06	1.5403089334640185e-05	0.00020159449411857842	0.0007674246847178752	0.0010588551801109958	6.84673805349778e-05	0.00028326003382913185	0.001835350262896025	0.0011410268365406229	0.0008601507428432731	0.0010956966745107538	0.00598978496999691	3.6522047851915566e-05	2.7951478894563667e-05	0.00597643254889197	0.00269391924502123	0.009002269329417308	0.0032884869937044713	2.4172179906173165e-05	0.017713561580843838	0.07274404991797949	0.4388250993821339	6.457453849955108e-05	0.0002832175421822379	0.004404105327014918	0.015363026591442248	0.00017400785179395585	1.0489214851241997e-07
BoChr[6]	5.573955893138915e-06	2.8218923906031537e-07	0.0002806491258334809	0.00044862186458640113	0.0008451201780785092	0.00019787231354815305	0.001028584739304996	0.0007654617967407658	0.0009136300683584553	0.0004174435548914518	3.626928496907796e-06	4.07370430160251e-05	4.359003287393242e-08	0.00013357541391730848	0.0019891232727377852	0.0013549922352443032	0.00046932428500544445	6.524691202330574e-06	1.4161807325117888e-07	0.6845997204478215	2.046322930724244e-05	0.00011599858212556399	1.589564812464023e-05	1.5073907623667226e-05	0.012798561767877725	0.004148998450682348	0.0021211523482362175	1.333583408753003e-05
BoChr[7]	2.485339505549078e-06	5.017179040299524e-05	0.00022966093627395877	6.596514134425895e-07	2.8759431248149834e-05	1.3799352707621893e-07	0.001739900395524418	0.00019922051753398266	0.00013979761719053727	6.020144671192919e-05	1.707959905491585e-06	0.0001839788242252305	0.00011602063119640544	2.1632972393568337e-08	0.003258604802084903	0.0016046089466340546	0.0008332755565462199	0.0035005886789122435	0.0019914551448185084	4.045586109990601e-05	0.6071986668770666	0.0007839990811834597	4.222569880789344e-05	6.135033787549063e-05	0.01634756985196111	1.6411639892734674e-09	4.669298131751987e-06	0.0003198000273793156
BoChr[8]	2.087866769891894e-07	1.5241107579555545e-07	1.3142801069676582e-07	4.0376367430959594e-07	1.8708592334916936e-05	1.1610183230814642e-07	5.9607060404043374e-05	3.4575919825174285e-08	2.1754622367243596e-05	4.359415187214978e-08	1.0695513704478107e-05	1.5281367366231262e-07	4.8341157514868325e-08	1.9016820890974472e-06	2.0593897385517998e-05	4.824984136841828e-06	6.097233940325027e-06	5.656551865269699e-07	0.7628243333101272	0.00013475062420393729	1.4723887646704735e-05	8.023988799933662e-05	4.48398875007656e-05	2.768266102673643e-06	4.628322722108948e-06	2.3378638995228186e-05	5.407769558974692e-05	2.7960227297435478e-05
BoChr[9]	7.284875899848941e-08	0.00012756869560123007	0.0005262701352302558	0.0003970295607757368	0.00038220807986821494	0.0011524531110513258	0.0017612904737150748	0.002330582454745092	0.0014169047340744712	0.00149898333128645	6.89350475147954e-05	0.0006426914031199647	2.0656233228697613e-08	0.0019578291559263937	0.004473704718826497	0.007132684282841737	0.02574596365257829	0.0001124245240311339	0.00010344942573432342	0.002818157052715064	0.003905399414648379	0.007011406596051639	0.021282059396484337	0.33623508276054054	0.0002259159941066758	2.1213512416724532e-05	0.0005471349795645963	0.0003164928655280397
BoChr[10]	4.400308961507449e-06	0.0003375121787272839	0.00080753687170386	0.0007721510840770228	0.00908824916836256	0.0006995329690960972	0.0011287269013517372	0.01598328952254568	0.005663949791932996	0.0030636991802945736	3.791465985614195e-10	0.00023717870298696652	1.0519731202869309e-05	0.0028387594925359315	0.017970999466048312	0.004664211499938062	0.03410965738632413	5.085730605777685e-07	0.005944083887325142	0.02130078688569941	0.006830987527661247	0.0032381337967201064	1.7886562918789667e-07	0.07266439744267955	0.00022868369756835706	0.0041640481867194976	0.09136956043559984	6.719252244693053e-05
BoChr[11]	3.2359422577954435e-07	1.4100086705326477e-07	0.0002644203795846067	0.000655748049026074	9.304108329509411e-05	4.842849951826267e-05	0.00013783553168318088	2.783627737292379e-06	0.0013002714761613638	2.1963769498401355e-05	3.864023366582919e-05	1.2259136787025617e-05	3.970445015907155e-08	9.685621646029955e-06	1.6001279125834254e-05	0.0003845492990484235	0.00023739983736347295	5.7602958148826815e-05	0.007693369731599171	4.806687724794084e-05	9.958881918809727e-08	1.538482529740567e-05	9.094966392935873e-08	3.7591444774310874e-05	0.7588765492855728	0.004297677405309048	1.9907629977872803e-05	0.0006692860971091821
BoChr[12]	2.724382776184697e-06	8.206341899226644e-05	7.40321669289877e-05	0.00035869006154873583	0.0017340793233127894	0.00011836105617515357	8.37804583496356e-05	0.002221698342404953	3.8050345154249125e-05	0.0006036704365274536	0.008976750583722277	1.8430586807924309e-06	0.00011442497654698965	3.435485946161954e-06	0.003240209376510384	0.0005480047141970257	0.0023956957838261344	2.723847434115814e-05	1.1587978859383406e-08	2.8178981712453453e-05	2.3659849587964743e-07	1.4350259787105912e-05	4.084729070390117e-08	5.948011879879428e-06	4.016814179761723e-08	0.677347844839096	1.8252659047692834e-05	2.3279099423643145e-05
BoChr[13]	6.142213609161562e-07	0.0003149403323477884	0.003975037724040789	0.0003379655549780658	0.00017126425547486112	0.0016875503390079416	0.0010483690412019665	0.006909111756597497	0.001756265660917613	0.00405955599809876	5.896837462771032e-11	1.712876927443929e-05	2.4868297852758126e-05	0.009326275041255841	0.011597420127963706	0.0023498778027017764	0.013099552004565761	0.00016196106422817992	0.0002441660300364907	0.026723555354926133	0.0034126652277609803	0.024628236585778326	0.024447466846554775	0.023084928281612207	0.0009101859480142593	0.007085923924681745	0.09995874850279166	0.003688714182897037
BoChr[14]	4.046569764699415e-05	0.0006354744640842114	0.0010435181199793231	0.001873721537908537	0.0031948020761964724	0.002649116478352198	0.0031940817546694867	0.01388083923032184	0.0034225835266305537	0.0008970715380639405	0.00025003127344161766	7.540698121033529e-08	0.005430311407470346	0.018462275360156627	0.012968518932876805	0.002980546827560384	0.006770085334264038	0.0044136592245484964	0.00018533912871966158	0.0002951234672218561	0.0020538591551625984	0.0315486711897546	0.04405902037999482	0.015713831881629545	0.006720956223136021	0.012527317190542817	0.05939589471710889	0.0026087370589156934
BoChr[15]	5.610347436846297e-08	0.00017203970658691503	0.0004506317658028351	0.00010487763272237815	0.003604795207668161	0.0005825421231315886	0.002801801920259095	0.008963991673825368	0.004862786009716728	0.0008261870066931465	0.00011623193051491399	0.00044144866103200007	0.004108750620874275	0.009981138400909657	0.010055100929021989	0.0017447492926202079	0.012523022292118071	0.0032137656747306662	1.5414283107572988e-46	0.002121800034460719	0.003360398743426032	0.019535794465091766	0.03245303168287137	0.03190694969927734	0.00290026109482028	0.010372844392089178	0.02463264044957803	0.004312895954055876
BoChr[16]	8.63056896509562e-07	0.0012774769851931467	0.008008310256218464	0.0028253316532936877	0.0018099237088472365	0.0036386174661890893	0.0068228966087040275	0.003676516829873435	0.0034220361316693016	0.00032903018559409246	0.00010482587424966993	7.879685171019446e-10	9.232834528390299e-05	0.015475188374178401	0.027217590122108958	0.010381403513551674	0.002187491232921033	3.094068722077736e-05	2.9299564666729338e-05	0.0025219297695863573	0.000644432781264186	0.0046271744307231095	0.03288355321466264	0.009905244594642397	0.005383829795682686	0.002485325158049818	0.0068285412679506404	0.006672475267237132
BoChr[17]	1.0226898053034006e-06	3.447202427276252e-05	4.155612610752257e-06	3.257912557376552e-06	1.2675433587776893e-05	3.899698809428642e-07	1.7014165408745117e-06	7.189642666998871e-08	2.6102872681479928e-05	3.2758449352988806e-05	5.383040478383424e-05	1.41521308382735e-06	7.280251946201608e-08	2.121746213038459e-07	5.225502044831473e-06	3.707421300565178e-05	1.8691553264426798e-08	0.008682530334628851	8.677746726830867e-08	1.2581881036302548e-06	1.2741879222291558e-08	1.041601470086028e-08	0.0001778553638562046	2.070225636184376e-08	0.007691506291499922	0.004260450094681494	1.4530406778289714e-05	0.7387279132008553
BoChr[18]	6.24373072226625e-07	0.000165985904687318	0.0032855502322523124	0.00025547836387929124	0.000974257715363644	0.0007660425514814584	0.0019449277352841321	4.494129220120158e-05	0.00015999005183752856	0.0002795776527669069	0.00011473406336050264	0.0001936678959126681	4.286950421761304e-08	0.012564570408005954	0.0039934224408903415	0.0008563780902057694	0.01804617631457404	4.54553841354155e-05	5.133165359438863e-10	0.01055285288276289	0.024315028660474382	0.025265465971535405	0.06145693249917817	0.11689946220931546	0.001994352848048635	0.00872236787353021	0.02666006440026786	1.4360476933488186e-05
BoChr[19]	7.969437391519562e-07	0.00010512011282022949	0.00019396488727221775	4.734619365505566e-05	4.657422326525884e-05	6.493229771510122e-05	0.008372134700285458	3.577208982257219e-05	1.0790124185255933e-08	0.0002710382691214619	5.201421776326787e-05	6.589769874916218e-06	1.0723887079677752e-07	8.32727554218593e-05	0.004578877123564587	0.00012234726208193436	0.006819128082175751	0.004765235445702132	3.411890535431894e-08	0.00873018657827747	0.006084531857266384	0.009974976815931385	0.26466298428565355	0.0028538003383370408	0.006557964384555816	0.000264673674502095	7.236217125953903e-05	0.018210811105722938
BoChr[20]	1.4433178159634076e-07	0.00010107930249368735	0.0033898405022519105	0.0002661368098600292	0.0005127344219153556	0.00017151582320210857	0.007612289718243233	0.003889939922870269	0.00019065479189194433	3.9708705372731856e-05	0.0005469377455237279	6.991197660966009e-05	2.73659461136333e-08	0.01733213419058	0.022373484668771083	0.0008034102364567275	0.011604244185046752	7.938586542763914e-06	2.0472447026520512e-08	0.01347072323922383	0.007950644833663359	0.017324986555633047	0.09885356949635515	0.02847091290756447	0.007210145273153706	0.006391933006892785	0.009076804906191149	0.0041626972766459856
BoChr[21]	1.1270065987125654e-05	0.0007241705779329877	0.0027591392397880556	3.6440494004637005e-05	0.00057452197621501	0.0012693299577389273	0.0014338717241398058	0.0013736999629020375	0.0010501784706139006	0.000921114805723846	0.000638617435776041	0.0020602142943740276	2.3952632091095437e-08	0.015432842587627107	0.0014867527485694155	0.0007231342286193865	0.005992803189481322	6.447001086286264e-05	8.242008403314572e-05	0.0013940540932027142	6.296976411249489e-05	0.002656533435781512	0.029185727935987414	0.02278796526220958	0.002625037655891447	0.004160244305730459	0.08647104891089726	0.002127501770737581
BoChr[22]	6.4361772390908456e-06	0.0007306299300744001	0.001522157935487485	0.0002190177625794476	0.00028647781814981953	0.00042948406756252664	0.0008120773468559861	0.0033039989546693248	7.046720913990612e-05	0.00023205862140237343	2.6714958131179856e-05	2.015323843806982e-05	2.5370110932527723e-05	0.009203099250782935	0.0024408361491289553	0.000806186301054197	0.0013834107252995763	0.00037042302670343475	2.802596928649634e-47	0.00029155026018656827	0.00037596470095564884	0.007190632936716384	0.0872481284554783	0.04767817511260258	0.001150094456061197	0.005860207507012092	0.0160776745426989	0.005468620416522753
BoChr[23]	0.0007560652830470538	0.0001763914978014114	5.514310899457087e-08	0.0006433843228080672	0.002873804533805977	0.00010322150627196435	0.0005515373525323142	0.0007545112769992457	0.014551867902124904	0.005562463031472143	0.0009150480694287854	0.007899310416005728	6.384478065030175e-08	0.0003369650408978231	0.003319138293866781	0.0022295741296462822	0.004887212854170374	2.351861432714486e-08	0.00020420155072130796	0.005500976605466956	0.0009177405957976799	0.007845369816900956	4.941836735383731e-09	0.0021366013831663933	0.0006423387468682051	0.0005583542260753047	0.2784600341692567	2.1972103330796243e-05
