MutationType	SBS80A	SBS80B	SBS80C	SBS80D	SBS80E	SBS80F	SBS80G	SBS80H	SBS80I	SBS80J	SBS80K	SBS80L	SBS80M	SBS80N	SBS80O	SBS80P	SBS80Q
BP10MB[0]	0.7253773987293244	0.48331554904580115	0.0035939459304141484	0.032224875056962754	0.0018296101694804646	0.5553368540108203	0.015629035406772757	0.026752180703915655	0.04441699255552301	0.05946211044676652	0.008786441165293759	0.03966614097856551	0.06545891307661368	0.007997256674156815	0.07162546070059761	0.030925003727692482	0.05116161335012302
BP10MB[1]	3.9036426460370425e-06	0.0032025804722297835	0.001768132148135919	0.05288885246962309	0.0017382533760360755	0.09939853189513087	0.005583576172710147	0.0011107649441692046	0.0021012583069494896	0.0017311752977548166	0.005874199731733825	0.007080916648917041	0.008374575202958133	0.002705098472130479	0.003847201817686314	0.004216653363255439	0.0018963860592339189
BP10MB[2]	0.0	0.09673629753291607	0.006863951732520945	0.04674115200061351	0.0021408120542764663	0.0014229881293765856	0.000551626935439397	3.3143777400255204e-05	0.03780303660780191	0.04722264421405271	0.0018708991852145118	0.011368187540566907	0.011839767397614196	0.006254986680414849	0.0007756149501074106	0.010480991641552051	0.001277165859289653
BP10MB[3]	6.13606871979755e-10	0.0005859627085010289	0.0028811783530284176	0.030029368735849857	0.0034670282338629477	0.0021944752050330864	0.0037629852150030275	0.0006542296736915887	0.0040692084463080395	0.003278374093997627	0.0009360965617634065	0.002394697115185589	0.003218247012010593	0.00227179018451001	0.0009448260363569719	0.004762457306479642	0.0016654461293666278
BP10MB[4]	2.359707698129654e-09	0.0028072007634909824	0.011505409611854702	0.016118479305878283	0.0016114803575794667	0.0	0.0019089179357035845	2.985665632877499e-06	0.013646432205569	0.01254526754411927	0.002597133705504575	0.0015437507914072058	0.003142885101948991	0.001070446379045471	2.7568765453906962e-05	0.0023820252675466236	0.000288309087518428
BP10MB[5]	1.8247009351268773e-08	0.0	0.004167107492212381	0.007598124369978905	0.002599889919870293	0.0	0.0012163609209847048	0.0011639614409068599	0.0010662464915003511	0.0018666085379987862	0.00036956490210300044	0.0002845846182481182	0.0008732236985329678	0.0007049481056944273	0.001502708265302484	0.0010052861678208557	0.001570042312655744
BP10MB[>5]	1.4958510662355096e-08	0.0	0.021117763174697757	0.000573356471140869	0.009562363424920476	0.0	0.00255349825800522	0.014517321484163404	0.002202227422741032	0.001092743480112675	0.012907603758449113	0.0001354234263187948	0.0006074222726069766	0.001592172450751832	0.003942069600871605	0.001467061911930614	0.0021571956767877376
BPArm[0]	0.1046242729574442	0.02071319304406643	0.0003173242358947422	0.001939634626614861	0.00010577191036653666	0.02838553701993078	0.0012686540732102002	0.0011337688985804562	0.00301948406297015	0.0029032826384354847	0.00034124080743552163	0.0015002188886444642	0.003732705146550973	0.0008201879818068688	0.003615002396918499	0.0010551063777906587	0.00031098215330530363
BPArm[1]	0.000818981166270909	0.0007463998643332559	5.384327782999465e-05	4.835332304846674e-05	1.9828016917244897e-09	0.026380415414460002	3.20013325834978e-06	3.627400672568504e-05	1.5006360293279286e-10	5.337049628906243e-09	0.00022073510034037013	0.00022081163931083836	0.00026647178332112276	1.2746909651468742e-05	3.5167592926654835e-08	2.334309853495142e-05	6.84895823740761e-06
BPArm[2]	0.0015606308421899939	0.02626632923958823	9.072051554426253e-11	0.0	6.077401115689441e-10	0.019373271609365476	0.00017742647880460537	3.202752776331863e-05	0.00013630904894782248	7.017896911580969e-05	1.394344581058249e-06	1.1372036823331655e-09	0.0007606279653947823	1.791786286048591e-05	0.00010339740175298929	2.6671345873445772e-05	5.45400050275191e-05
BPArm[3]	1.8609775647160376e-08	0.001963540387732792	0.00012891747018102252	0.001464297229426279	4.4886956374057264e-11	0.012164831161499023	8.661808057532916e-06	1.0107010452529152e-05	0.0004457039022625686	0.00035472117931931277	0.0004999371451872747	0.0006447568030690043	0.0007583826786460634	6.128650212371412e-05	0.00019483726942240765	0.0001381192769866857	0.00011419916324001633
BPArm[4]	5.987097946025255e-09	0.01565192042617127	0.0	0.00043411740596273064	3.765877045225352e-07	0.0036225973241744212	5.1182900713347134e-05	0.0003103832777866611	0.0021300517165946074	0.0016712755569030335	0.00011918873875401914	0.0002420272360814124	0.0009951049648261523	5.53430514264619e-05	0.00019595317833591254	0.00029943196942625147	0.00017367143186220347
BPArm[5]	2.4396866415976604e-08	0.002062812572112307	0.00011017903837989729	0.003229813234858341	1.7289008974330499e-06	0.003778815275290981	6.2208299191564e-05	2.7168709969345173e-05	0.0007219465367067638	0.0004296141813057375	0.0003872613958083093	0.00061337615907604	0.0007440587888956611	9.249350809131584e-05	0.0003786972763693089	0.0005563336370724415	0.0005756417546545205
BPArm[6]	2.9441524307394216e-09	0.0072755436366423966	5.014595477405237e-05	0.0015208723659449008	8.196441035011049e-05	0.0002891497111286498	0.0002616401414634595	6.954641057859589e-05	0.0024688848899313597	0.003101972654523628	0.00021412393274658826	0.000552398940777472	0.0009483949601556318	0.0002836102445303368	0.0001606295434244832	0.0006252829327951303	0.0004820433019367489
BPArm[7]	2.5635878060370486e-08	0.0011983591256648652	0.0001332829702005256	0.003524553010138334	8.524769073574134e-05	0.0011413902428466826	3.3522630680169475e-05	3.4233067437319335e-05	0.0004465686722232931	0.0006630884385249303	0.00024554111599447206	0.0005484189017747365	0.00071746200338481	0.000246998427746945	0.0001397532922386841	0.0015842928864472582	0.0006689452366768023
BPArm[8]	9.667098122556616e-09	0.0032302995468489826	0.00016621657144128221	0.002395171470125206	0.00011163165002049208	2.265739196445793e-05	0.0004213560968495145	1.6764516983422624e-06	0.0018688512502814702	0.0021464279998326674	0.00018239558305140234	0.000326066051941849	0.0005068946819324082	0.0001773340818908764	0.00043199760732616	0.0003444582934139362	0.00022092926061510808
BPArm[9]	1.7325098748965927e-08	0.0004026592069953949	0.000203704924543473	0.00261844611086417	0.00011716616781086486	0.00019263928188593127	9.996222360181626e-05	4.236165677866666e-06	0.0008008662486099638	0.001102356757477132	0.0002365030673896351	0.0005783941922442181	0.00039150628407536915	0.00033222902662600974	0.00017933324207660916	0.0006302272556331446	0.0006069429184890396
BPArm[10]	1.804028343155295e-08	0.0012635680346284061	0.0004154400662092783	0.0021247490239329637	2.8325256512569246e-05	3.1223977566696705e-06	0.000228723122785226	4.74083935841918e-07	0.0012171853016980094	0.002194468941469836	0.0001612512267482629	0.00030316516576675665	0.0004537175030140439	9.896762378048152e-05	8.005004710925238e-05	0.000550280574534554	0.00015964300057305598
BPArm[>10 & <=20]	8.711108682724068e-09	6.900606211274863e-05	0.004148530759028119	0.013152698716148735	0.0010083355938009643	0.0	0.0008056976362818879	7.819431714043645e-05	0.004621100523509085	0.006589080456178635	0.0013587406323529194	0.0005718265811356104	0.0011266283673572288	0.000333113142361583	0.0005108635006700269	0.0020779408175248234	0.0005848757667376958
BPArm[>20 & <=30]	3.929069530173024e-08	0.0	0.0027604878740385176	0.0016404942708322778	0.0015581691496942085	0.0	6.604491000025803e-05	0.0006569860942181549	0.0004361801823142741	0.0006267404457059911	0.00039657559405753773	4.400257770050986e-05	0.0002581063108117121	0.00015253748292707315	0.00014625785008945513	0.0005414401399377767	0.0001521931688000677
BPArm[>30]	6.754899423810911e-08	0.0	0.0026332528551574795	4.8635221901349725e-06	0.0009529333439903631	0.0	5.933662489066016e-06	0.0027920271316543223	1.0527845119696622e-05	2.031179292316665e-08	0.0013378270140277948	0.0	5.997613947670288e-05	0.0001569261088363305	0.00010084098906247618	0.0002479709930048557	0.00013193593273967962
CN[0]	4.933275102392276e-06	0.0007337169349991513	1.401298464324817e-47	4.33863770219034e-05	0.0	1.3562976121027395e-07	0.0036786218889092483	3.8736649550230595e-06	0.0772946793348827	0.00924638978715299	0.0007107760362958259	0.0019085010886192321	0.004810368909373324	0.0028481165801627385	0.0	0.0022787486016750337	4.235319650547353e-10
CN[1]	0.0019598115256034988	0.00027493719332028377	0.0002545073262921349	0.0014907256106380612	0.0	0.0002391840485166561	0.2891548775136471	0.0	0.024524235294340998	0.02411913579213433	0.004122638821531837	0.0012320291623473167	0.005223281707801561	0.0007430656174619799	0.0012285719387114113	0.0025883348011837624	0.0002994328876957297
CN[2]	0.019723810325877257	0.038453412487785686	0.06342619283610715	0.00968133821449775	0.00059774237066568	0.00010119773796759545	0.2007118909060955	0.0015409202121009003	0.08358364010082577	0.008989852994325415	0.015882427092591068	0.0019845846383600794	0.47736643787473443	0.005390457445755606	3.68087677203548e-05	0.0027504941236750767	0.000998343713581562
CN[3]	1.4337270190585283e-05	0.0016284168732818216	0.12641121945313358	0.04885049349710698	2.802596928649634e-47	0.028099463484280704	0.0	0.002688554782216672	0.0009914171676792694	0.03347436793883318	0.024770090682432057	0.14758862757124006	0.015971359849907073	0.061515488889999685	0.06592530249275114	0.04081214535381115	0.05690325266800755
CN[4]	1.0481459034039631e-10	0.0004658041149377823	0.010145226442753525	0.0025380718298995135	0.11559122410835698	0.001589794892970673	0.0	0.0022405779164324	0.02270986480825741	0.009436726955085675	0.0063394434302699665	0.20379149432019403	0.006769926923129265	0.03747249794001618	0.03934159239456903	0.0289236003686608	0.05135383400086994
CN[>4 & <=8]	1.383992828229985e-08	4.716537151949751e-09	4.1872393552466746e-10	0.0005439661699376329	0.22415361140195728	2.4576193524694647e-10	0.0	0.06103373181235838	0.00017378229629059661	0.06025712515787689	0.005591583506569027	0.01951024055105659	0.0030670177977280134	0.004558093771622672	0.0008931255228957223	3.592051161804578e-06	0.0025397485875635097
CN[>8]	1.2917630320075092e-07	1.6488142380310932e-08	5.774275706471599e-09	3.4046572050527857e-09	0.0017223723808413639	7.820804674985028e-09	5.757406329465197e-10	0.18140402629971505	1.5612724553193403e-08	0.000352428380591342	7.167151408944861e-05	1.3186909427531646e-07	0.00011774345711359384	1.0267483773418466e-07	8.599078053617149e-08	1.298547123607108e-07	1.4089357591728913e-07
CNCP[0]	0.046095899138599634	5.2077958847362996e-05	0.0	3.5934905184831224e-09	0.0	0.00013382680263205772	0.0	0.0	0.0004524084542820095	0.0003292078570568435	6.718291274410148e-09	2.2354915272444488e-05	0.001019904843880184	3.3452096204200643e-10	0.0	2.358841161886005e-05	0.0
CNCP[1]	0.0	0.06148285758681595	0.3040442357957363	0.1799538791179657	0.009474970050322926	0.04199137442978099	0.23619899824618187	2.2133504971861838e-05	4.203895392974451e-47	0.003422123808413753	0.26245687508955595	0.020695332832704666	0.02423948803916574	0.049714018001010524	0.028338880012348522	0.03817480363420703	0.03408233486360531
CNCP[2]	8.257814426704258e-09	1.430332832796921e-07	0.0015072437402572048	0.0032952625229497913	0.13697822316154343	4.731027360096059e-08	0.0002800630917772651	0.0045191609026588205	0.30622113406658175	0.021298170206475273	0.007556726015872925	0.05080482868559983	0.009338373076010124	0.020597004255562865	0.019157695450735562	0.01698659546008345	0.033971640205747916
CNCP[3]	1.683920486383883e-08	2.2081252666339424e-08	1.8103731008523028e-07	0.0054233615986697715	0.03595616477607678	3.00003542719196e-08	1.6049549091334825e-06	0.02778475365135819	0.004159899673649328	0.09115287196877489	0.0012924942932367855	0.0004899082388354259	0.0025999739808817684	0.0017766207621816932	0.0012097201786826872	0.0007346276332964407	0.002622206206782991
CNCP[4]	1.0793366430839058e-07	4.444812873316551e-09	1.401298464324817e-47	0.000341900919447653	0.014682997578072446	5.804385252883293e-08	1.401298464324817e-47	0.03230040522292257	0.00149979148697577	0.04386904187206369	0.00017617898615448268	4.6630262276607936e-05	0.0009217774859529726	0.0002743776870909187	0.00019503158168760138	6.440104278681247e-05	0.000833325581795679
CNCP[>4 & <=8]	1.1137528247218142e-07	8.132496348012275e-09	2.1897786513079218e-35	5.7179655325505506e-05	0.0013790931211815538	2.246102634662073e-08	0.0	0.08920496672391892	0.0010947231798827594	0.047783594839274884	9.215468171674957e-08	3.4727270659118404e-09	0.00018661562259278953	4.347819401047559e-05	5.1923711831096675e-05	1.7183948699539542e-07	0.00024899952370059707
CNCP[>8]	2.3243915897808165e-07	2.8887295657753496e-07	3.7407068886885497e-10	6.818587650059271e-10	0.0	5.8787686327878026e-08	1.0656439755951652e-07	0.08295731589198113	8.728956542580767e-09	1.3622259488244027e-06	2.4558126315583906e-07	1.892571930284248e-09	1.1909737699822287e-07	1.0608083517182899e-06	0.0	2.171908924708532e-08	1.6563103059752392e-07
OsCN[0]	0.043623967162488314	0.00019392523914575578	0.011368144692605726	0.05318186567585712	0.09716188942082227	0.003930805683441886	0.0024430866303398443	0.18028989054262637	0.007025351506599691	0.018921434590266836	0.008340682694376381	0.005469509992981791	0.07083943458411948	0.021447439457498566	0.04517775396371779	0.04265605025756365	0.07836306627374143
OsCN[1]	0.00014741852453994397	0.05024236971512437	0.015107988496674806	0.028883939248044044	0.034246074650436636	0.0034780183618446925	4.0005785413086416e-05	0.02428874544799328	0.04738380944356322	0.10056471168994903	0.021301783353555946	0.0224814682180295	0.018799945390399423	0.0279244844452478	0.005695981439684271	0.023240621278237148	0.0192146348915103
OsCN[2]	1.4737645814832945e-09	0.00013244609581306577	0.0067942978884093464	0.011150540231610648	0.007933545476116705	0.004749233553884551	0.0017090666433187528	0.004189269642811268	0.002682815392063276	0.0003409520796049037	0.008361240435770015	0.0025221214286472106	0.0024243871556475227	0.005143740204039205	0.00600867750674297	0.005458517024087259	0.007143646760814621
OsCN[3]	3.848120755378659e-10	0.007974184944760054	0.008344184743473307	0.004828594638966024	0.0025717490565148183	0.0	0.0025036628592505395	4.685249907197436e-05	0.013239861018955707	0.003996981929610684	0.011190246787155047	0.00143017401538998	0.0017426435277845798	0.0023975702062260648	0.0003718272916329193	0.0016768580925823784	0.0009573196110588356
OsCN[4]	2.2039438842824666e-08	5.391500017140061e-06	0.0042193190174293705	0.0025587934975919778	0.0010707269026897848	0.00046201118076055536	0.0022499856386235706	2.5214482593582945e-06	0.0004343452923785662	2.5292799691669642e-05	0.002580251581639459	0.0005158950140253183	0.0004700891813071832	0.0005458482086214644	0.0007762607464064786	0.000492682789551922	0.0005933824409294175
OsCN[>4 & <=10]	1.2667624275097823e-08	0.00028806374802891764	0.012217882015975193	0.0017222606626455673	0.0002827067562589036	0.0	0.007914114474495654	1.401298464324817e-47	0.004887911294354126	5.779881059424952e-05	0.006955787612496351	0.0003402635359992345	0.00022742060672427235	0.000891649991535817	0.00012688517395787358	0.0004426070087356493	0.0002733247505966574
OsCN[>10]	4.3028000575873196e-08	0.0	0.002406741816084832	4.276487176850807e-06	1.966949635634485e-06	5.3321862480970596e-11	0.002495519112223974	1.4097791436906703e-06	2.044211063766177e-05	3.640588275288792e-11	0.0007931060862918837	3.815404287710322e-07	7.530782981524098e-07	0.00022609063936218643	2.4650955367526707e-05	2.0139715852565134e-05	5.407982913311571e-05
SS[<=2]	8.007149439492878e-08	1.737394721885721e-06	0.00014012996578571801	0.0	0.0012501213846371683	1.0246121552768273e-05	1.960192583396747e-06	0.001417564742732793	7.321163197048008e-05	0.002227585078321681	0.004114287628940474	9.568297794430691e-05	4.7484211144138965e-05	0.0003318343269975799	0.00012762715957906722	0.0002843880309796987	0.0007743686140512988
SS[>2 & <=3]	1.098789779696574e-07	0.0	0.00032737641784571283	0.0	0.000291025397682958	0.0	1.0020448485192901e-07	0.0027862001580069773	0.0006488734725014211	0.02805731729184515	0.023227181287039825	4.245956183837052e-06	0.000342421357191629	0.0003819709904774626	4.938005737756157e-05	0.0009373837859794775	0.0004689960168042262
SS[>3 & <=4]	9.869489925679043e-08	0.0	0.0023116681105284443	7.576060057338318e-08	0.0003199739142883118	0.0	0.00034125384854611696	0.0019141347543160947	0.002634640415857632	0.1075702177724088	0.11658239502441801	2.876061978440703e-07	0.0015135579775255614	0.0026241610015387096	0.0012959446349478298	0.0045498553904553775	0.0010725261122428264
SS[>4 & <=5]	5.115812551359511e-10	0.003235653428250286	0.04046213529072702	0.0	0.004188311949407648	0.0	0.013822183468768401	0.05096770548261702	0.04678791178856045	0.018678732464070293	0.21761236265301703	0.0022963269638714224	0.0027233107915253458	0.05531788348103696	0.015732232690425008	0.028435810165723874	0.022751337038171185
SS[>5 & <=6]	8.911531845789967e-11	0.0018825655258115149	0.15868256125599145	0.002721287703647252	0.09101111319381801	0.00032869384973309933	0.08548234209330985	0.10270503159612417	0.04902825690311147	0.002068634945899248	0.0218932462669909	0.005356166725376852	0.005974268832786518	0.012971376858315174	0.02594032460844323	0.01488794735097855	0.03657448117619424
SS[>6 & <=7]	0.0	0.0006157785840332508	0.07070769095327706	0.21560786679387092	0.050378087240233994	0.005618978509446606	0.0431377097312361	0.02791706899181008	0.06263873658142989	0.05220329502597451	0.006752378948149272	0.01611648880411325	0.024591923674852297	0.02170362019678578	0.023402611053092527	0.025301764576663638	0.025137441705082614
SS[>7 & <=8]	0.015634378334507346	0.13117107570171357	0.004237909866747231	0.07023325595539064	0.005375952804151916	0.10345325956121088	0.009803652618740308	0.0004556983055101408	0.03811625465430552	0.0397695933131038	0.010238263540013576	0.029362725161409555	0.04445642074671925	0.023408880576346346	0.018375217496650293	0.033230157775105906	0.010058898744480658
SS[>8]	0.03663286358118057	0.0022918846298108876	4.512057971695072e-09	0.0	4.0826757419232253e-10	0.008891992734803011	0.0	0.0	2.7108588707136504e-11	0.0	1.1126579106957025e-08	4.237659254613391e-09	7.077582550252259e-07	7.331520284203918e-09	0.0	2.5614392030520727e-09	3.3993090795547685e-08
NC50[<=2]	0.0012898753589079348	0.0	2.186579095875274e-07	0.0	2.6547381715147366e-09	7.278146307854172e-11	1.5412905973732904e-09	8.110293934309176e-05	6.447702816103629e-10	0.0	4.835424648126363e-06	5.812114878267493e-10	4.2916271106212546e-05	1.484035073683998e-05	8.567837399553469e-09	3.510253482374992e-07	1.4007065725820667e-05
NC50[3]	0.0005581092796637676	4.7875889558781635e-05	6.101587816993437e-06	0.0	1.2766828058374814e-06	0.0003401323153735092	3.3769319844800806e-05	8.819644695904571e-05	0.0	0.0	3.1730689457099005e-06	5.397030035965145e-06	0.0	6.6734206534668776e-06	1.6173428961892e-05	2.6258537278067706e-06	8.157587896349127e-06
NC50[4]	0.00014103293730322264	0.0003387284096515941	2.8441610662277572e-06	0.0	3.9997516978473866e-07	0.0009802786493673921	0.00014635876195825403	1.945380581620526e-05	4.129645676584915e-06	1.3231317097961437e-07	1.701386080640077e-05	2.5537589681334795e-06	0.0	5.404098374128808e-07	0.0003430444000923835	6.012864079821156e-05	1.3204427577875322e-05
NC50[5]	2.2488620094485158e-05	0.000691373624940752	2.6891243487803253e-06	2.5644600887275713e-10	1.3974023434886185e-05	0.0007782309727303982	1.8036907079022057e-10	2.8456533982534894e-08	1.9804089004291647e-05	4.304953948874868e-11	1.5193149807481987e-05	3.2185449097204e-05	2.238567855012974e-05	1.670899337023357e-05	6.759246474530301e-07	6.698598192294014e-06	3.5763086526685585e-06
NC50[6]	5.585912575831742e-06	0.0006628537377400789	1.2544393003501853e-05	0.0001306123740597398	1.4339623900960774e-05	0.0003087421662485212	1.9359404745955543e-10	1.3379507501909416e-11	7.104093727321015e-05	0.00011094514487947294	7.106510268082289e-06	0.0005026274944401621	0.00010349009610990833	1.2426055265088998e-05	4.07551386160776e-06	3.523688478821896e-05	3.550122990418458e-05
NC50[7]	7.578165707542439e-06	3.5184001116874694e-05	2.2686257598252268e-05	0.00032045970772742293	5.8375807930133305e-06	5.556528017116591e-05	1.5534475751088904e-07	0.0	0.00018236014608101093	0.00021560447918204774	1.2282472835383196e-05	0.0005263948251825923	8.72474082522956e-05	9.368167710883667e-06	3.9221621829188534e-06	5.158808409447602e-05	1.6333070776255453e-05
NC50[>7]	2.2855040942886262e-05	4.325808032317191e-06	6.060242100036639e-07	4.991764805630794e-05	2.0157007005972004e-07	1.0082554424641899e-05	4.145292318881166e-06	0.0	6.423723216651744e-05	8.30903513686887e-05	3.946977233937332e-10	0.00010268576466711643	2.1403454600585903e-05	6.317589902273823e-06	2.3353591158681297e-06	2.166705181361639e-05	5.540878333128996e-05
BoChr[1]	3.05908653914333e-06	0.0030767943805417274	0.0048001747077758596	0.009512980836096769	0.011912380781897465	0.0011675596632558438	0.0019914602256649516	0.0016564698721881583	0.0017410600499885476	0.011725725170646654	0.00919133604269078	0.006754080424592814	8.172581906990217e-05	0.237434464632679	0.02112521288943598	0.02840307462773872	0.020234294485322345
BoChr[2]	2.663606814875208e-05	0.004835634308384939	0.003394089134534113	0.024633038168758503	0.01843974112706661	0.00016341506037861108	0.003979962122539291	0.0	0.00353872807246983	0.004295823689130884	0.006563267461636073	0.031905335236795306	0.01593694618659713	0.00858851679135114	4.888832051051395e-05	0.007305568363517523	0.0008111108094453811
BoChr[3]	0.00010219851423799664	0.0040833224249638535	0.002283137288610675	0.012938517313629631	0.019792083604519915	0.0002566452293359589	0.004686806817163358	0.0001311994743475964	0.008521138140211023	0.005134627262532376	0.024618587864090387	0.025606235386525213	0.013707704482550724	0.02055955802789839	0.00028692570730754597	0.01269229668781179	0.00380487313189959
BoChr[4]	8.626031264835631e-09	0.0009701227053627948	0.00305162574222777	0.006526928955905207	0.00407494541265205	0.0006952891970291475	0.0056045230385893775	0.0020924015740044067	0.006004059155366122	0.004743710480688619	0.015524643205212255	0.034194397406881766	0.008664738448164613	0.019459536375561585	0.027752679726266098	0.003805381615444503	0.008404103363864124
BoChr[5]	4.1513469045240115e-07	0.0005849195553061912	0.001523127220904712	0.006678240684380618	0.001959682157280511	0.0012342890654508665	0.002354100708618461	0.0063335400693513575	0.0048840498624116435	0.0014404000370984704	0.03997853385357292	0.03320822208975187	0.00047087966891751876	0.06538806569576763	0.005897328052219564	0.01463457212432786	0.006613176691888612
BoChr[6]	9.917120615458019e-06	0.0011069431686366693	0.011318104517695247	0.006641264963400766	0.005941238536442342	0.0013058347688343019	0.00442043960019264	0.0015565613411060663	0.005350479847470739	0.0073831076476759	0.004720587007173656	0.04786368463215908	0.038178345733658574	0.035397589684858774	0.006571585480544968	0.04235247633063494	0.018309473714076603
BoChr[7]	2.524635888826232e-05	0.0009994147355586696	0.0017263872173245431	0.004079310544847603	0.006417778068547372	0.0008657158703209689	0.00026910810536268315	0.0002622768405631759	0.0037193778260629527	0.0047016532586435745	0.026264894682018456	0.02690453373012872	0.0010421761230161267	0.0740520937156198	0.027012338163567618	0.046108699963792785	0.02261771075134668
BoChr[8]	2.008576139456153e-07	0.00015206478884579154	0.0010102903518352591	0.004559041263348853	0.0012001692607395255	0.00031072636684715605	0.0004426866253029742	0.00031066025184651845	0.0003832434408367891	0.0036005612824784672	0.00035716258226639526	9.499234077775754e-05	0.0001092095618213622	3.480560828091228e-05	0.43471750847995283	0.00018042180754326975	8.45123539836834e-05
BoChr[9]	3.8527046054559476e-07	0.0007345290742182476	0.008526358511298895	0.0015893579470181815	0.007015633212080843	0.0056704812723683065	0.005114505686769633	0.00027066493016143057	0.007232544458906667	0.008892336450687502	0.002126449164255746	0.01411126875739452	0.011265164470834178	0.010445777098643418	0.0013228844886180014	0.005916094317362877	0.031872578399488705
BoChr[10]	1.1983670834552206e-05	0.001697047121124342	0.0014303364695715053	0.01808456036640564	0.00555981881854919	0.0008327760621091329	0.005927940213381078	1.401298464324817e-47	0.005723925168927053	0.0055112346017267555	0.00011775731250565969	0.024006496302627724	0.0064300393727071995	0.00022633694174828634	0.0216668015284813	0.004087664416001644	0.0016019256901927293
BoChr[11]	1.8943639771595856e-06	0.00018206369727414185	0.0020065323684638516	0.001867166088231247	0.001289378065433818	0.0005026983738306264	6.0672333020521666e-05	0.0032236939576454704	0.004463291100068976	0.0029168271705475803	0.00340229621815016	2.4923828068069994e-06	0.0002993593074761902	2.321989411762093e-06	0.01649855961084584	0.3371411646815898	0.0002308444418294665
BoChr[12]	1.0892856082828084e-06	0.00019273624986247738	0.00635034494322781	0.0037238195493666335	0.00010761404081040607	0.00165215635858047	0.0033944974400339587	0.03860636543703605	0.007573403814491488	0.00011083913771386733	0.012835575927165338	0.01588496641564788	0.01139624722993446	0.10164335842730438	0.00012401449494063853	0.01132152513067922	0.019828265777014166
BoChr[13]	4.984272949166702e-06	0.0009426697323153643	0.0037872351304395124	0.0025767833012650954	0.0033683403351361194	0.003591670435094443	0.006886430776436043	4.162781406193972e-05	0.0015256250188417652	0.006796210918109864	0.00014537301805319202	0.026004895072354657	0.005209240826590644	0.0003153335169260174	0.00012150255137385103	0.0033068053481295576	0.0012213930694269948
BoChr[14]	0.0001750714276221199	0.0016507702934913898	0.007168398814974353	0.007479446473017658	0.006027654196110533	0.003871699051524047	0.0012627059190162982	0.0013583230011863633	0.0023416336528407555	0.0051137802086577725	0.00016031440813094378	0.00872575856395997	0.004991641137748957	0.0015181039774324744	0.001956141151022166	0.0024938925047172235	0.010019560601633124
BoChr[15]	4.837594329898387e-08	0.0009043717147800124	0.005377070283899741	0.00522074255743064	0.004788492135267006	0.0020179933687868613	0.0007843072294431508	0.0004692419130151393	0.0015170632530043804	0.008781776987016201	0.000929955097820887	0.006072914942878356	0.003945916467581867	0.001763787482693715	0.0	0.004336992196040228	0.01462010707185982
BoChr[16]	2.176201016013124e-07	0.0045915116742253305	0.005760239397641271	0.004452057899688952	0.005202728343720082	0.004368805452121478	0.00018456489599657288	0.0006181075565056762	0.0061697272100718695	0.004754246236407198	0.0003623163839802146	0.011271919788559898	0.0035177078151440357	0.00027694995456840844	0.00021974019648041577	0.0063715464959386734	0.00852549727202586
BoChr[17]	1.9637152316320795e-06	0.0002929960617243665	0.0010521000592841822	3.055824192845019e-07	2.0232033407547865e-05	0.00047395503357889446	8.007478964220383e-06	0.0009263176370339509	0.001514339045863513	0.0023187586210761868	1.826358384456439e-05	0.0005111176050894894	7.193512260528223e-08	0.006052554084427353	0.04154457226625248	0.031007827284944955	0.2444951024476785
BoChr[18]	1.080072083958772e-06	0.00027387430381835997	0.007032222410198301	0.0018091189630376904	0.007289600966218508	0.0029966865275257246	0.0029724382328139144	0.0006376587615673834	0.0005831019804188031	0.004231043561115335	0.002712996487415076	0.015758921410983937	0.015002171580292725	0.008803943350813484	0.0013275729143060744	0.006626697595105497	0.023903309117996513
BoChr[19]	1.1948344083911877e-07	0.00030562379108188336	0.0051486324355093415	6.146092662916658e-05	0.010089348645843045	0.0015142637607311825	0.00010999476837127986	0.0012922762423907663	0.002028923023927867	0.004485991813728951	0.00195979888077121	0.021085606776255192	0.007204641487589533	0.016304896130069153	0.0015580370124786214	0.018952733666519634	0.04913790005797978
BoChr[20]	2.5329794477446654e-08	0.0008307727134365628	0.0049393433301708	0.0030054764242129295	0.007180105983410812	0.001213208429711692	0.00012497196065035964	0.0028791667125043752	0.000464390136713293	0.002283257947377404	0.00042965764712005417	0.018865698585923525	0.008490760816571132	0.0030423703405710965	8.74992575734268e-05	0.023275920533201315	0.030217120210131298
BoChr[21]	6.363626369501496e-05	0.0002754776846069262	0.0007539645313227084	0.0024221550353104248	0.003364062215841841	0.003260904983326328	0.0031564144808996068	0.0014436555511929327	0.00012351327583019157	0.0024044508111763087	0.006724897813991576	0.007798684650770156	0.003990447144367408	0.00040317232254892586	0.0002611812649411149	0.003079368685139343	0.005624489836072825
BoChr[22]	0.00011899218704741087	0.0007663183245495027	0.0037653301066892584	0.0007426190853623024	0.003656319335132139	0.0023953139378568265	0.0013460812503731745	0.00012432848554453814	0.0016694555145386402	0.002497992297867313	0.0002995174985881022	0.004878891086264072	0.006232728158956888	0.0014396834757644684	0.0005682149156928062	0.005798502998078305	0.025226353474213283
BoChr[23]	0.0011794886778807268	0.00015167948047746903	0.0016116192545450759	0.007510027873795479	0.0016459493808154164	0.00037917724694125354	0.008061920933541841	0.0034725565862026996	0.0006482889759354294	0.018198781370883807	0.012537090601399688	0.014631459414958954	0.0025324684637598694	0.001090584343764931	0.0005733692157082259	0.0017260513547807932	0.0008995941073226277
