MutationType	SBS80A	SBS80B	SBS80C	SBS80D	SBS80E	SBS80F	SBS80G	SBS80H	SBS80I	SBS80J	SBS80K	SBS80L	SBS80M	SBS80N	SBS80O	SBS80P	SBS80Q	SBS80R	SBS80S	SBS80T	SBS80U	SBS80V	SBS80W	SBS80X	SBS80Y	SBS80Z
BP10MB[0]	0.7469280731678009	0.002949022133716951	0.409811534807086	0.7089281743764877	0.019382801388000036	0.0017996093128446011	0.3503269426897168	0.05047587639442258	0.007468737439408763	0.016278970315860296	0.03289572980254889	0.03968512465254456	0.0232848612278606	0.007055247142664164	0.06511270369995359	0.025617897508518738	0.006695915224148951	0.0043215300368615065	0.07670469454354166	0.013000583010678926	0.027854911526555462	0.01588671077238723	0.013269312815634104	0.07235479387730631	0.06209622397832752	0.02767380750980779
BP10MB[1]	2.233821163599714e-09	0.00010547624435275794	0.004813070556010644	0.02335757295803388	0.046304775188800704	0.0030593603771785637	0.13920021507656202	0.005707601131512277	0.0034725460919526087	0.00215721374580653	0.0009654355303965938	1.2611686178923353e-46	0.0042543694644802	0.00022980094501690474	0.0029131570021854714	0.012987289288930696	0.0005411759290276937	0.000536881825054607	0.0019703081424233397	0.005469713912642523	0.0007320423779430209	0.0010439469048657958	0.0004011494342353217	0.002353503724589927	0.0026804946624906806	0.002125659273833662
BP10MB[2]	0.0	0.0031545525894034654	0.12397145109251141	0.015004012743884233	0.04281127858790569	0.0028613554894267477	0.009445051590446382	0.051697350924368946	0.006710790361306635	8.942661406722841e-06	2.6616177638061346e-06	0.0040264327079057695	0.0018194097781088208	0.0027547123613476288	0.04685307663079584	0.00869080681435208	0.014922953577042932	0.009488368904617463	0.0010048864559394134	0.0006686506140977144	0.00241171648769523	0.004176716527613334	0.0011234210012480627	0.0012291614857719302	0.0009421775981900282	0.0013426234515191027
BP10MB[3]	6.349577414965779e-09	0.001415210791346908	0.0014297175637219839	6.046376910378983e-10	0.03467431702185422	0.0021866865223157104	0.007883572855062084	0.00771746536687715	0.004502065579155215	0.0009700460571619729	0.0004095391765667955	0.00031066434468453254	0.004239281724339339	0.00014233963513106572	0.003224221419254718	0.0032331471183260872	0.0014251531209083623	0.0012984264532889275	5.1391491142567246e-05	0.001116272158033098	0.0025004070561819107	0.0031801322224828256	0.0008636351402389409	0.0008800810724692809	0.003053832086721684	0.0022694442826483017
BP10MB[4]	4.6022289756919575e-09	0.008830846540150787	0.007529687624773942	1.0141580020217588e-10	0.02150126245804131	0.0013282415812022918	2.802596928649634e-47	0.013904683897271753	0.004184286817711467	0.0005096639633612198	1.1202382047486026e-05	0.0005692038889389295	0.0014780246293412346	0.0024691237883433816	0.015943823367961157	0.0015439735955021662	0.007797828603774586	0.00151947976177031	5.605193857299268e-47	0.0008412112119947323	0.004167727784813207	0.0023000292743063254	0.0007235532521008281	0.000354299154773674	5.0477150634762325e-05	0.00013190150999776052
BP10MB[5]	2.4949149390884885e-08	0.003632625786850099	1.401298464324817e-47	0.0	0.010543140266090632	0.0019858804597242853	7.14372273068875e-05	0.003252633923548274	0.0017268101292188475	0.00035477558496732923	0.0012435652407293673	1.0487089099342484e-07	0.002230162265430522	0.00033236701242343123	0.0007251003736882935	0.0002797414234191271	0.0008981562686108191	0.00033474656993348617	0.0013830323376805608	0.00014659000277731594	0.0012361812992645583	0.0007083804887548698	0.00022338006703648717	0.0009126664824184049	0.0020166726623972587	0.0008245694094301825
BP10MB[>5]	2.9627486020089577e-08	0.026499949792050757	0.0	0.0	0.00264130562893115	0.00867951760128335	0.0	0.0013952825318665418	0.004672327239532024	0.0008832138232224906	0.01595723692793399	0.00019260994351725459	0.007196878993227145	0.015016077350950355	0.0006539032464661431	0.0010640451114477402	5.3271157667040826e-05	0.0	0.0005844762359126321	1.2428697664290666e-05	1.1094284126282883e-05	5.5277170136633914e-05	0.0002096396847628057	5.338999768014218e-06	1.7916417505148275e-09	1.2611686178923353e-46
BPArm[0]	0.10926998130977154	0.00010875136946960087	0.014685925487428904	0.04773340186104178	0.001925301068613834	6.198667242244937e-05	0.010951321872416883	0.002507557506378363	0.0004448837482414092	0.0020054253512799447	0.0010731055213588903	0.001606790813333875	0.0020925326172518653	0.00020509269489547678	0.00567450082700816	0.0009929189698490277	0.0019353788150956808	0.0007001956854746277	0.0038195776678912807	0.001802485025304812	0.002459635998880429	0.000983469652110216	0.0010160457060598277	0.005446797741169576	0.002674581451808919	0.004397934699692421
BPArm[1]	0.0006036513490700912	3.51638019036038e-09	0.0002966245012805757	0.012581652644691133	4.6049591354346833e-07	4.844426124694934e-09	0.027988439877011332	0.0	0.0	5.433356214723517e-08	7.765730212234701e-06	5.7458669928678316e-08	1.5091355870300305e-07	1.241627320274219e-06	5.052267502492213e-07	0.00010300444174003331	1.0841527000593487e-08	1.5910939933405644e-06	1.401298464324817e-47	3.7037078190409567e-08	1.2723813597403932e-07	2.297894127423567e-08	9.570521801904874e-07	8.840788154884648e-08	3.6458033036979033e-09	1.7445345184441408e-07
BPArm[2]	0.0003478049526078042	2.7596226573223246e-07	0.016374559256224757	0.039063536616702095	9.635273017920554e-06	0.0	0.0015183732484236145	0.00023343780737292264	2.0783099385557336e-06	8.488760197059796e-05	4.913913748261222e-06	4.703611078753056e-05	1.6801009309563853e-06	0.0001266521039838153	0.0004671924925088078	4.1117300120241396e-06	1.837493890377573e-10	7.641381785106204e-09	4.0172729215441904e-05	1.8216880036222623e-46	1.1162118340735106e-09	7.168383308453485e-07	0.0009063481931988093	2.1865320753423623e-05	4.218637477606535e-05	6.423458284416484e-05
BPArm[3]	3.093806125065157e-08	2.8177128342576906e-06	0.002165513114457127	0.0032583296958267737	0.0005828759976793663	2.7175011928193273e-06	0.015542176903691142	0.00020912061878583196	1.7644479206317954e-05	2.802596928649634e-47	4.309178173791394e-06	2.1063877413283195e-05	7.132222726641046e-05	1.3796089624520392e-05	0.000684698700178652	0.0010741755988867656	9.360111544083339e-06	1.5324516382690945e-05	0.00011280921168690838	0.00036484919440454177	1.667440246279739e-05	2.1001950808567927e-05	0.00010677637199560052	0.0006165322849651034	0.0001692442220263146	0.0001579694073396709
BPArm[4]	1.231906817666939e-08	3.4827232957468366e-06	0.017133113609702662	0.004825175144004712	0.00021278152882587165	1.4970266493037343e-05	0.0031348297028524997	0.0011921581192291342	0.00013505646846169838	0.00010286007185982271	0.00043277400176804467	0.00036848095161090555	1.7971720974223615e-05	0.0002339155599474907	0.0015146012832431665	0.00013454269559588284	9.502809843979776e-06	2.6524259010329844e-06	0.00012112908045764925	0.00014230512686481234	1.5400166012113913e-06	2.3672433744650334e-05	0.0001238755602389574	0.00010640455698575302	0.00012874528244424254	6.532101833727211e-05
BPArm[5]	3.654596355540107e-08	3.358655521878973e-07	0.0028912336884303613	0.0002288778059192964	0.0019429756700992584	1.7379875353071838e-05	0.007147112657266916	0.00046298852944573807	0.00020150223896223452	7.246677251820265e-05	4.552514155534482e-05	7.431235972713778e-05	0.00025488159452194734	3.645283402875066e-05	0.0007390060823677747	0.0014586381237313617	0.0001810367721509465	5.191892047378132e-06	0.00038844712156788194	0.00027923491783440115	9.539107908835831e-05	0.0003012880996834638	2.802596928649634e-47	0.0011519505664897168	0.0003346539770368473	0.0002196034723689877
BPArm[6]	5.056721492646688e-09	0.00013755944989589936	0.010028867256478407	0.0002199885448033001	0.0006769489670114126	0.00010818881129011971	0.0016236015825862183	0.0024088101538654884	0.00018784785341267708	0.00027495866892067764	0.00013394377441727556	0.0003939912107353296	0.00023269738021511444	0.00028884869956527834	0.002910453173564278	0.0003831577115943219	0.00021698201451727072	6.624034276001112e-05	0.00021783301050163573	0.00020918898265974482	0.0008004020982158977	0.0001905110653260067	0.0003437174131753551	0.0004730472679220554	0.0012470668449600453	0.0002648312451719903
BPArm[7]	3.692164815660819e-08	3.642462397692725e-05	0.0020409378775332245	9.251584032199389e-10	0.0027249465761451574	0.00018814714485415607	0.002828921437030658	0.000813819628208421	5.8301348430518375e-05	1.2137191954191273e-05	3.9282247317657945e-05	7.090503337565224e-05	0.0003176033554209923	5.715458421036601e-05	0.000665294278851434	0.001058434251426661	0.0008848165235046324	8.611059905888396e-05	6.354755441861926e-05	0.00021953733890850576	9.880591570436081e-05	0.001689437348031788	6.420213467208669e-06	0.0005793246885117042	0.0019327465572204971	0.00020592481827227615
BPArm[8]	2.5461020065620233e-08	0.00012027626318740659	0.005430869266856462	1.3995756469853405e-05	0.0019478472910401479	8.024131096988185e-05	0.0005124788981703432	0.0021685929031582418	0.0001489105861215023	0.00015782195640007046	9.25080821616575e-06	0.00017949756604089374	0.0001956102341792132	0.00017025141122758213	0.0020879778255766725	0.00018016397718156443	0.0003028017436123659	6.321574084382151e-05	0.000668367064736087	0.0005381743404037432	0.00027357189495091916	9.049230353866733e-05	0.00012593618637765758	0.00019853675439193808	0.0007746878104853749	0.00020980339797446845
BPArm[9]	2.4534566751555077e-08	7.413332713667841e-05	0.00108235474464891	8.999715532809206e-09	0.0023563255002954976	7.672672683838754e-05	0.0011391304983794726	0.001306797167771947	0.0004344287690264537	2.094490169383789e-05	5.830703613627364e-06	0.00010259105107998392	0.00042682581096627816	7.790814886669217e-05	0.0007108676587176888	0.0007102226915253596	0.0007441453464775804	0.00037110892035116197	4.771990604240273e-05	0.00033664226142036567	0.00022017000015921439	0.00022649935549907241	5.8946612407453356e-05	0.00021034641078166772	0.001398205529239931	0.00019687324187543708
BPArm[10]	3.30501740197775e-08	0.00024487820116019687	0.0025210226501803847	0.0	0.001952286410241868	7.134112256608205e-05	0.00037866523940692786	0.0021788128179468912	8.52411609957926e-05	8.851766049879473e-05	1.6115192374854813e-06	0.00012478878375304703	0.0001936325346302681	0.0001704538542253431	0.0019970396774624533	0.00023037263049403123	0.00048084709433595665	6.0959714464843276e-05	6.170463632315728e-05	0.00014144718036874338	0.0003623630444326752	0.00047369899766067645	3.388228789845016e-05	0.0003485615005266496	0.00018868870084432388	9.441397682167008e-05
BPArm[>10 & <=20]	2.2810519447746814e-08	0.0029749692659424907	0.0010657695806003177	0.0	0.016463109599426387	0.0007780589934736781	0.00023200775031135393	0.008526710512509654	0.002296747073931799	0.00013351265020901339	5.0265123791177755e-05	0.00015916170944805692	0.0019042507212702021	0.0014621637008741572	0.005363306849612854	0.0006842086313930128	0.002358785429144962	0.0004898996542033274	0.00020680330870220587	0.00018874401334869617	0.0005752707571438409	0.0020562624645128836	0.00039395346171204436	0.00038119546898123246	0.0003373918628305717	0.0003308723255825896
BPArm[>20 & <=30]	3.479168837916546e-08	0.0025606550928205254	0.0	0.0	0.002506599444895983	0.0016205022678695967	1.2207982363179327e-05	0.0010336120588544872	0.00044194697768602966	1.2122671123506734e-05	0.0005858303579015001	0.00012109604920169658	0.0010646327981478976	0.00032464843065997505	0.00023701260176352433	0.00014932050934191921	0.0003750791187886193	4.133219481445849e-05	4.426334995059733e-05	1.1431206949055196e-05	0.0003385908513935476	0.000753779168736326	0.00019073377023232752	2.3598918960487936e-05	2.802596928649634e-47	5.654909603435954e-05
BPArm[>30]	7.094483235547955e-08	0.003331525046960451	0.0	0.0	9.6201038104482e-05	0.001235733316395624	0.0	2.6704887859523295e-05	4.8341779479414984e-05	5.501960608786938e-06	0.0029549874685471877	6.897588491483475e-09	0.000766211914633459	0.001288682607806262	2.5196574279107155e-06	0.00013579494926830194	0.0	9.48345914366655e-07	6.867768825031817e-06	0.0	5.282931961119175e-05	0.0	1.4485394058283418e-06	7.157228196774667e-09	2.939444812000147e-09	0.0
CN[0]	1.4335965430500863e-06	1.0766306246523528e-09	0.0007246813673614483	1.431380531125015e-07	2.991466802750519e-08	0.0	7.296412523061235e-08	0.0057374312655160105	0.002214878299117231	0.0029187632117785613	9.909497856175342e-09	2.643942789148923e-08	1.1600080437323968e-08	1.244357084541292e-05	0.16299395628273486	1.1571016713673999e-08	1.8430749122444466e-08	7.992659156741412e-09	6.997059922575521e-09	2.063761233017658e-08	5.413123815856124e-09	3.098725604999686e-09	2.854786415262822e-08	8.334778925700448e-08	4.734414143556798e-06	2.627082370446393e-06
CN[1]	0.0006631597017231972	0.0021795341756660493	7.893844210694556e-05	4.082889468212636e-09	0.0011916713874753526	4.203895392974451e-47	8.349111344680221e-36	0.015944103962022872	1.176723927187595e-08	0.4294279743731022	5.605193857299268e-47	0.0008522399976712336	0.001188362086794088	0.0006067137476132701	0.04311201819236181	0.000532710743017546	0.00018665138308278983	8.794443721384936e-06	0.0004050811339578786	0.00019059518511994612	9.677240786949426e-05	0.0008854423851815442	5.191302878643e-05	0.00021493694278346874	0.00046143714331439733	0.00232529394885006
CN[2]	0.0042300583031495975	0.0426080962179989	0.02383183420270421	1.0312458664802023e-11	0.011471402841119223	5.9374178655389186e-05	1.159156085733023e-12	0.0038901133056304248	0.004061119834487528	0.23431572500616316	0.00010044836089946664	0.8166256354004144	0.016448330143144965	0.00841065690794791	0.042759286821721615	0.007911608633545751	0.006780126207060386	0.0010806790560673268	0.00010708906283153662	0.0008047839211770111	0.0035543483650879136	0.0011953803537109791	0.00581005572228275	0.0016221161559160802	0.0003611326401796861	0.005395361237975949
CN[3]	1.3336895808624406e-07	0.09538662629295061	1.2611686178923353e-46	0.0013866201009281555	0.02198217043565819	0.0026115773379569917	0.0403393719154019	0.0347760274493524	0.03312480139013284	0.0	0.0020023131567882047	0.001212650865333842	0.02445862695299455	0.004327268168746059	0.0005189003515988588	0.3673654618673027	0.012826437111731365	0.059037202730625044	0.06333717977719987	0.05955706741855364	0.013908553928826688	0.03416444701540911	0.022268235584404415	0.023323235557333816	0.04189178670695662	0.011655217281288514
CN[4]	1.074966469838401e-08	0.004798990382364821	4.977498203516007e-05	0.0	0.0014644396627046775	0.1515954725816846	0.002333626836630136	0.007060041124696	0.21300025602389724	0.0	0.0054373275750057345	0.0005643016503836406	0.010262656984415126	0.0008353443030554067	0.0022773882608106534	0.12711379836766354	0.016768137428322692	0.005271152335402008	0.010265200640813724	0.013500649364907451	0.007529135162405396	0.01295438204376353	0.011553110953026993	0.02414057991457753	0.017940230261240798	0.01195058020581488
CN[>4 & <=8]	5.645272675991464e-08	1.413382423720577e-07	4.5573554707800664e-09	7.536111183981121e-09	2.0875044342005822e-08	0.3555163161456585	8.61267308494007e-08	0.07785507523004029	0.003959175775140764	0.0	0.03454441703652117	6.076243751422245e-08	0.02686912812205236	0.0001684365045302627	3.1508901340515647e-07	9.061239646683817e-05	0.0010786211933769786	3.4259150523041624e-06	7.291396740261355e-05	0.00010944949564713369	1.2634295130237172e-07	0.0005829001350362573	0.00020033504385878588	8.4127941887953e-07	4.864736041554352e-07	7.620630100291237e-08
CN[>8]	1.191131965150305e-07	4.787292198216164e-09	4.342594917342013e-09	3.88657542149673e-09	1.3060378856177835e-09	0.0022133765014277175	6.67272752608028e-10	8.23362505745707e-05	1.6500995752011248e-08	1.332086236871533e-09	0.2278547465801239	4.7223718269151505e-09	0.0011094054687802667	4.769756768219224e-08	7.062260813928134e-09	2.802596928649634e-47	1.7837866096215293e-07	2.6948887921207643e-09	1.179921850891219e-08	3.463025199046399e-08	4.403949205311619e-10	5.360652586716696e-08	5.109720908897941e-06	2.4640240265938472e-08	4.922036964671861e-09	1.0405410364455748e-08
CNCP[0]	0.050113684923203436	2.9294333625529136e-12	9.66031751400198e-06	0.00021891144949815811	6.435610799826463e-10	0.0	5.605193857299268e-47	0.00015286397351538028	0.0	3.5126012676300888e-09	0.0	8.235957338342814e-09	0.0015086921604455128	2.7935226398767553e-09	0.0017238807192825334	0.0	3.3857937609127474e-09	0.0	0.0	2.802596928649634e-47	0.0	1.401298464324817e-47	1.2821288919440122e-09	0.004682081863284111	0.0018340519070625305	1.3609766256195144e-08
CNCP[1]	0.0	0.33573209077119825	0.08944976441022164	0.02137775800353438	0.2628535683872178	0.0234202105645175	0.08857434736099094	0.0008354819193482399	2.1019476964872255e-46	0.18180485244931333	8.407790785948902e-47	0.0047660194337368015	0.02200520008802414	0.32465704090893266	0.005979278460144997	0.06500898125265143	0.005611054352484644	0.00212710976600647	1.6255062186167877e-45	0.004860101761296611	0.001642865091562271	0.001521468460559845	0.008602894914802164	0.003138394335974226	0.0010238110268710444	0.0038624063410520647
CNCP[2]	1.66103843790566e-08	0.0030478113105178294	8.018235400086838e-08	5.010709465125274e-09	0.0005520771273323532	0.07949633649248229	0.000170564468297556	0.02452923006931087	0.33132132853728763	2.1284289175717518e-09	0.00100323815508645	0.000644820535826689	0.034830751480118355	0.018488998650880432	0.23503356562352223	0.003975849958254963	0.0025774911117601106	0.00012312150057264585	7.630387948668273e-07	0.002569143272381522	1.8415426779938571e-07	0.0006122727053173937	0.01318223257611629	0.0023228254637167435	1.1280784747214056e-07	0.0011848763751753921
CNCP[3]	2.138587162692218e-08	0.00010481698202966072	1.2226515565103569e-05	2.267921011024632e-09	0.001137812323317462	0.03291596969025704	0.00022579612807959392	0.1228589297621511	0.003737658210145014	3.721329286143771e-07	0.018422134975371592	4.7823444770106886e-05	0.021232618189375073	0.0015199166435900225	0.002831313099894688	0.0003287992125821404	0.0002982569374572108	3.6879420775903784e-07	0.00022566115638824157	0.0001692626262361241	0.0001369645143205389	0.00010726446499461418	0.01530106538244958	7.70789998121302e-07	2.829151890182402e-07	0.0002138863398165114
CNCP[4]	1.30544163020746e-07	6.296888448957816e-06	1.6801928737208982e-10	4.760895382815988e-08	1.6759529633324813e-44	0.014737076446982656	6.17369651934041e-08	0.05891439801082015	2.3220308719072697e-05	0.0	0.03243452266789973	2.031801761859242e-07	0.0068478400215920485	2.837631307556876e-05	0.001304157101704604	4.203895392974451e-47	3.0989162623882294e-05	6.8156179622747e-07	2.4631770770611186e-07	2.963096806070098e-06	1.2611686178923353e-46	3.047262055702049e-06	1.195621596309593e-05	3.112110798042766e-06	3.9446966411560423e-07	4.415290104589075e-06
CNCP[>4 & <=8]	1.2330608015531652e-07	8.299924445509532e-09	1.1228341051701471e-08	4.919115667689766e-08	3.967322470543877e-09	0.0004359631760573324	2.3392733314864246e-08	0.06099492971785367	1.401298464324817e-47	9.634630337984617e-10	0.10492687851190567	2.447171141284343e-09	0.0014766918323666012	2.0611315934004894e-08	0.0009240508144406511	1.3854475895413997e-08	9.792044011192047e-09	6.62807906337548e-10	2.6930877394804044e-08	3.293427825568074e-08	2.1256553850435013e-09	6.237826063681951e-08	8.705264349373465e-09	1.1870885145981447e-08	8.819763479550603e-09	1.9702527964682303e-09
CNCP[>8]	4.29521186084969e-07	1.4038554141393433e-09	1.8870338436727252e-07	4.256970961691309e-07	2.7158265858417964e-10	1.401298464324817e-47	9.631093741968577e-09	1.6886927980408473e-08	0.0	5.999421222746549e-07	0.10453473925590515	1.283280063197441e-07	7.891952975569438e-09	2.9449780152290828e-08	4.711032396853554e-08	3.540213153740979e-09	0.0	7.840128132841074e-07	0.0	1.401298464324817e-47	2.802596928649634e-47	1.748793891920286e-09	1.6745242737649516e-05	4.561810641234842e-08	1.957770777494261e-08	4.303138881311952e-07
OsCN[0]	0.03163473466603124	0.012566251236194344	0.00016859281808137894	0.00029269943837941686	0.029779756398234266	0.07942594920285048	0.013877744408588128	0.011759975819659303	0.0032673424407374946	0.0013514287485038461	0.1678530342876911	0.024242055911690014	0.45550625870004297	0.003648076264373933	0.0035583437191598934	0.011649166612305846	0.004173421805636495	0.005237112027165203	0.02085955071829356	0.013692939180362343	0.003102247098927222	0.012094363138547061	0.0019399454819384924	0.05136539772971967	0.016342642160557516	0.008669532435932725
OsCN[1]	2.9551661417315243e-06	0.018490433003871546	0.05258571682497859	0.018870753640367183	0.025244806749396956	0.033181111165322366	0.002575374925518032	0.11136284288018942	0.03153473349288106	0.00017063839361071585	0.018075677850283682	0.005060004699652154	0.020912358559762426	0.0250513467201381	0.0518922775844112	0.0321566424483899	0.025275746587586915	0.013500613111193549	0.00023224323987960815	0.015587055271313375	0.0077746923328231785	0.012492720704647305	0.04316161347521897	0.006712528506065256	0.004469306502830079	0.003601611480116844
OsCN[2]	3.5972578513668008e-09	0.007183677079883637	0.00013876958862965694	9.480187630735771e-05	0.01131294728955254	0.008659471253497414	0.01011607896798523	0.00015950546824815376	0.006283919786983461	0.0006819034763435639	0.004124229982844554	0.0003247741909294888	0.005796075666529745	0.008951690576341207	0.0010372156499579433	0.005128548387556293	0.0016974012573973617	0.0024157794112670676	0.003460363676898144	0.001511205481615434	0.002191981722092993	0.0026472356508261898	0.0043277694345948735	0.004723995965399702	0.007008724999199103	0.0011858133387886481
OsCN[3]	1.955935125005936e-09	0.008518884661607445	0.013000097051262855	0.0001883570334757678	0.006954675173401484	0.0014987452095019198	0.00022582499543204903	0.0018993308715289459	0.007091548659197144	0.0009138629439452295	2.6697199937189e-05	0.0008688681146723454	0.001687124141608365	0.013133171739173121	0.012691121920361183	0.0010524435676329347	0.0014359629669244709	0.000763442587741075	0.00011436903360390716	0.001951424913315469	0.000915890363685321	0.00048021347591102126	0.0025324171135639273	8.736348961065232e-05	0.0012990039437422063	0.0008587774079705923
OsCN[4]	2.8270183967116226e-08	0.004267684149672277	6.2610942613901e-05	6.667899240255792e-06	0.003877417960902676	0.0008865754117505276	0.001216394590883283	1.1866801141877659e-05	0.0015376340528018772	0.0013606876955282133	0.0	6.635483983465917e-05	0.0005088566249469295	0.0029083637488656676	0.00011621469238889403	0.0012047364416207529	0.0005242050221932004	0.0001154450662806994	0.0004921579863730585	0.00021286018389218953	0.00047130918963830484	0.00025647007500083417	0.00039631316805753157	0.0004432205097195663	0.0012395935139667812	0.0004443420347524807
OsCN[>4 & <=10]	8.54691497825799e-09	0.012320865181156932	0.0020357871310077514	0.0	0.005733251660130918	0.0001105294827743819	0.0	3.889100335072726e-06	0.0023751018654831545	0.005372074733642194	0.0	0.00016440750460112953	0.00012671084725468518	0.009400732219219207	0.0034026106242436072	0.001204208425466895	0.00010918871708781808	4.85633779317142e-05	1.401298464324817e-47	1.7518779495730998e-05	7.006492321624086e-47	2.6733221020549535e-05	0.0010857487284795298	1.5023358912458208e-09	2.3012457717186407e-10	2.440508222207427e-05
OsCN[>10]	4.285863631992015e-08	0.003008216864982387	0.0	9.443723136826065e-11	0.0003560683584652846	4.4562302292661114e-10	4.521106280144238e-06	0.0	1.9417244375246056e-05	0.0020544583955995678	2.4955647093261035e-09	7.027585230803268e-06	1.7171023743998147e-05	0.0018862368215923197	3.2931789474943683e-06	0.00012975860061799514	1.25033398035157e-08	4.344064270505043e-06	3.186336399245704e-06	2.903301781771006e-05	0.0	4.4656189857050776e-08	7.291087930530331e-05	5.159043894309434e-09	1.0199936895105566e-09	3.1855995885621266e-08
SS[<=2]	6.757466580076255e-08	0.0007845660670392362	0.0	1.547703133919498e-06	1.206826127599925e-06	0.0017084401240026637	1.016903162906148e-05	0.001342191836447455	0.0001519041926326281	1.945512428278562e-06	0.001392178823443828	0.000179408119562936	0.0010077429460412192	0.0038370752127980267	0.00027358499180991203	0.00020006841271651864	0.00016247271589236333	6.123348604404555e-05	1.6338247351086467e-05	0.0004884900690672111	0.00011495949584059418	0.00017776555273364637	0.0006136420276015997	0.0006808276325959242	0.00023294780103384484	0.0002867390013261684
SS[>2 & <=3]	1.6653536624389176e-07	0.0061950366787537755	9.682361934437722e-10	1.6565281374273287e-08	0.0	0.00021578436979044824	1.6756265267758862e-07	0.017133741524302925	1.9553489475576668e-07	1.756874326019897e-09	0.0019915254366787848	0.0016073402446579621	0.005435056029104856	0.02442866423126091	0.002363932889239284	0.0018118143001379394	0.0014676517617266788	1.769764126947848e-05	0.0	0.0007427559170326961	0.0007866381108760834	0.0009006844504538947	0.005081957658520082	0.00023005209648454527	7.589106578839288e-05	0.0006671324969502734
SS[>3 & <=4]	1.0819775499104622e-07	0.026356676565679322	2.780004138003278e-09	4.639708325315794e-09	2.870755745361132e-05	0.0001989370831637416	4.868514409395175e-09	0.06428727054733173	1.1621093364055923e-07	8.4773850855413e-06	0.00045936719540968173	0.006694181276011477	0.022425185481372692	0.11737645040583516	0.010259223027525195	0.0070770969568867735	0.0058669289459885475	0.0007885891233991061	1.5387960736745781e-06	0.0028690206122280416	0.003476991267957601	0.003848944908035676	0.0219635557271107	8.466955421226885e-09	8.438759223849956e-08	0.0028994989841555725
SS[>4 & <=5]	3.2838925145828314e-09	0.06049845522846681	0.0036042154865152222	1.3226559068879618e-07	5.5591235868632795e-05	0.002889447482695857	3.503246160812043e-46	0.007542755170422382	0.027840311143821735	0.002493117171412962	0.05423661133274436	0.003810753645688294	0.004273872193932107	0.30777641855180266	0.04083616087384172	0.005205874197256719	0.002403922516758854	0.003482040450935564	0.002198595045070438	0.011089177380980643	0.0010581097261919581	0.017563819546941754	0.08963795643051525	0.006096555498534002	9.857113241196203e-09	0.0026666048219810535
SS[>5 & <=6]	7.08801461968278e-11	0.21202412478625773	0.00392254907405033	0.006229819867703554	0.017469967083349486	0.059215403448811904	0.002346003087952795	0.007786838584579527	0.0855274057450724	0.059403820201437724	0.114890690818429	9.465353124937792e-07	0.050226030345461366	0.02591530606150627	0.021418295484036207	0.012417518158408712	0.0032389980832329	0.00050175866112113	0.00453097844246362	0.0006651919972613029	0.0013641486346023157	0.0015192348201526328	0.0013421829465900714	0.011396544785869288	0.007645159691687482	0.0032756893557970555
SS[>6 & <=7]	0.0	0.05836393961473507	0.004951227866113647	1.643022449420848e-43	0.2811042334139347	0.028967846600898132	0.03114990759436637	0.10082892059814184	0.05625787253569797	0.010159085403956283	0.028121396261267365	0.0008891526906518266	0.04281261415220797	0.0015794862691981203	0.0546315249397594	0.015000055089234365	0.005896604894943533	0.010100158081404515	0.010437087266931776	0.011112229339778424	0.03702587579495867	0.009144069779868098	0.009799136951332964	0.010723346041377226	0.018949998406832983	0.018014755795848034
SS[>7 & <=8]	0.015719593077665194	0.001599999597608388	0.15478610208258034	0.06532046848035918	0.051487313859761345	0.005893570676029757	0.12937575836782345	0.03943364184704159	0.013909634629040378	0.009335902203711157	0.0007829592487042319	0.02902082151079262	0.009027053480098902	0.0038995703689498743	0.04697097023780806	0.020427051195875436	0.056920435382053255	0.03344241454033181	0.025907965673056185	0.02257937708667555	0.032721633326727895	0.027673477550070203	0.004471188802096108	0.009953326750741514	0.011416965668432597	0.012151968461337677
SS[>8]	0.03766952464959559	3.945867557142435e-09	0.0002386766201183832	0.01827658051624894	0.0	7.720428163437987e-10	0.0009574994095659406	0.0	7.818820613181287e-10	0.0	0.0	1.3314598987790305e-08	1.0526828056356408e-07	1.1031213658085903e-08	4.420215589107102e-09	8.786978953345681e-09	0.0	3.0632568837063446e-09	0.0	0.0	7.006492321624086e-47	0.0	0.0002546685555142858	4.241556575301786e-07	2.1088309800632033e-07	4.0157635794457745e-09
NC50[<=2]	0.0014065621292684227	8.777018634109624e-09	0.0	0.0	0.0	3.457242564763874e-07	6.669696341887743e-09	0.0	0.0	1.585004185677974e-09	0.00011084916113475174	0.0	4.475406196434051e-05	3.571882786685722e-08	0.0	0.0	0.0	6.201033484032337e-06	1.401298464324817e-47	8.431578777390314e-09	4.8857856953077315e-06	3.0453104201910717e-07	5.2559469842715416e-05	0.00015110681148464025	5.168754818214438e-05	0.0
NC50[3]	0.0004786983341909945	2.9215234217616627e-06	5.9591652825474735e-06	0.000729713032123982	0.0	2.605787476528398e-07	0.0001193783095999379	0.0	3.0611830879934133e-07	7.5082601879294944e-06	7.400844716830335e-05	3.917625416955506e-05	6.291808131209109e-07	1.8694179332157113e-06	0.0	6.490448356544221e-10	0.0	1.8379974875415428e-10	4.6791853403505e-06	4.866063852162483e-06	1.6300684364978224e-06	6.968253192951579e-07	2.6098000524932274e-05	3.4332165461137266e-06	1.4933954185245567e-05	7.006492321624086e-47
NC50[4]	7.886660057629058e-05	8.884774975372878e-06	5.4883607735973785e-05	0.0015964536357205362	0.0	0.0	0.00017878623121987404	0.0	1.3331847731024026e-06	5.4976862106599355e-05	2.5083757203070434e-05	4.088231264631759e-09	5.280286518427601e-06	2.5659594937224027e-05	0.0	0.0	2.7486059479997495e-06	1.4333214494399727e-06	0.0005607846123803029	4.615769285010174e-06	1.2990405957680195e-06	0.0001286963347956771	0.0	3.099307832599152e-09	3.0819343419352663e-06	1.1299532404791535e-05
NC50[5]	1.6239339220618376e-05	1.6783700630185193e-06	0.0004620022508242982	0.0009773397004789785	1.1738330431398936e-06	2.7309511892568138e-05	0.0003428018796188326	0.0	5.618327175398008e-05	0.0	1.0171809208259219e-08	4.108668829871931e-06	2.2306691073481487e-06	9.620793212974377e-06	7.687547540626838e-06	2.6450448063002342e-05	1.8857179165934214e-05	4.2520522547420115e-05	0.0	1.2176495110907127e-05	0.00014504558497463905	1.8423302782437645e-05	2.1680532963728183e-05	1.3775551051367075e-05	3.7655011678907615e-05	0.00012701026351258913
NC50[6]	1.275298818463e-05	1.1277853045612574e-05	0.0008338432959862984	8.649142978583768e-05	5.0086006864091816e-05	6.447929304647992e-05	0.0005170436180333127	8.250206125012482e-05	8.645571745709902e-05	0.0	0.0	5.781703770253443e-05	3.532243697048187e-05	1.0416978038847447e-05	0.00015404910647459858	0.0004657895235146725	0.00013597138847217137	1.2123477063141763e-05	0.0	3.587361134123057e-06	1.7324334540020915e-05	1.4551313943229616e-05	1.190669252537191e-05	2.6727986332844013e-05	0.00014033226653964448	0.0001027090939601294
NC50[7]	5.6924742248298795e-06	1.1349567986371766e-05	0.00011403603932194528	2.6449030500508285e-06	0.0001666167512006922	2.9556694280472583e-05	0.00016851878385281793	0.00022873169852495324	0.00024789714575938147	6.558645281984355e-08	0.0	2.657957862766125e-06	3.067500187398764e-05	0.0	0.0004902295857047534	0.0005983199963941388	0.00012150911323260515	1.4634536055382342e-05	0.0	1.8235287003989243e-05	0.0	4.168802639469504e-05	2.8752697698450902e-05	6.1000784250779815e-05	4.14822233791412e-05	0.0004894180745857479
NC50[>7]	2.441952754452359e-05	8.039147363576583e-06	2.1472441849823555e-06	2.3575225348793084e-06	2.551853190050357e-05	1.7766117525752634e-06	4.564256963099922e-06	6.332874245425835e-05	3.316679943964118e-05	2.8596455240403883e-06	0.0	2.2531879366738393e-08	2.7848450010123927e-05	0.0	0.00022074266991110923	0.00013012886760236598	1.3746055788557144e-05	2.6160302513744684e-06	0.0	1.596261096032947e-06	0.0	2.9035887583184205e-12	7.458843493219902e-06	1.620159199191562e-06	8.929185785913062e-05	0.000272772626564457
BoChr[1]	4.840435300277335e-06	0.0020770473451293386	0.00083865413728024	6.031013423794286e-08	0.00124255314495263	0.003846204547731301	0.0011142781948259525	0.003184744805602382	0.0003651788364433265	0.00018829507575041316	8.551308005029619e-05	3.5746544606703417e-07	0.0004820808544751953	2.549136557584486e-05	0.0006952107521291318	0.0002846766136122553	7.120539608732611e-05	0.7561694922862262	0.004108318050333189	5.375527459694496e-06	0.00014531366931124835	0.0004490730946124982	0.00034849762859076247	0.004516178937991435	1.63360255187562e-05	2.5380208095814036e-05
BoChr[2]	4.910611250996677e-06	0.00012848483014892052	0.00306706259184633	2.7209858044940915e-07	0.012980155358372164	0.01565505504196448	3.4120344594157357e-09	0.0004981876034320037	0.005446830920891266	0.0016415485092782945	8.447430397451328e-07	0.005027386480273215	0.009887239397819358	0.0003324425423261346	0.02086717148325381	0.008621955221457683	0.22639888217985674	0.008666625048879932	0.00019264972100111244	0.020044329575250864	0.01065515179624981	0.0019910909895916973	0.006316138547845185	0.005166002730265831	0.0001134292841675233	0.02053191657939536
BoChr[3]	1.1211747468786725e-05	0.0007366539237438143	0.0016114000668576978	7.447599512111936e-05	0.0036551744171587864	0.010302729482347405	0.00045416149074625875	0.0006057483437412614	0.0014804672973346865	0.0040965005010914265	3.2254543233052325e-05	6.0804747692821545e-05	0.001379067954012353	0.0017085974239175617	0.005306299785140737	0.005935605921613567	0.3667195715689468	3.5777180164586753e-06	3.074784914058881e-07	0.041307442995643165	0.01700784120882482	1.6936617400610507e-05	0.00019643737955505003	0.0001319518376367115	0.003705254384597205	0.0006493103263756733
BoChr[4]	1.5527242605117842e-07	0.00012366851305340988	0.000849668887972399	0.00013592727409402982	0.0027677606838433307	0.004236838374952097	0.0004854887627629267	0.0038772060779730744	0.015273827671978189	0.003241650327375677	0.0010024749763807668	1.3514764125461102e-06	0.016462621795641893	0.014856804569966433	0.006378758625695333	0.010703266881833942	0.015419399027032554	0.01593536847925692	0.00445782033574897	0.10086490803175863	0.04705147270454504	0.00453253661111193	0.01648536806956997	7.26702039323257e-05	0.04291041253360287	0.03330894164076417
BoChr[5]	6.999708765587087e-07	0.0008934397574584793	0.0003262404001884411	3.9029674543248855e-05	0.001795765391301829	0.0012694384134125825	0.00985332819918181	0.0017274750536631369	0.013398629209734027	0.0010980851109747864	0.0018742810902698647	0.009464358609445842	0.015456370472179674	0.021852798354641854	0.002896942399819522	0.0434856664065239	0.025780499576912367	0.009155771112057159	5.9679433150431324e-05	0.09699050989446317	0.03201544839300942	0.026397098916899137	0.06865188243835313	5.20068402910186e-06	0.020417454092950597	0.09325758539996316
BoChr[6]	2.45420069086677e-06	0.00015196827794358315	0.00012430099918676153	4.826552348617952e-06	0.0006005185771128718	0.0013116124377052904	3.986766334447382e-08	0.0010406767582272255	0.005125118631552703	0.0010814027367466025	0.00016082611993204138	0.00022678290878112153	0.0001578110921094189	2.797252528479527e-08	0.0007212686295252901	0.003980597610338396	6.731051680233222e-06	0.007218535815934194	1.3867397173207103e-05	8.313038761280548e-06	0.631003415407613	0.007397981050652282	0.0032528694533477138	0.003512174992770551	1.1704582637969475e-05	0.00017510780856997422
BoChr[7]	5.348947790384528e-06	5.317642666605868e-05	9.136224135875008e-05	0.00012069002231401144	0.00037075926059796315	0.0034197535626242443	6.188877723536384e-06	0.00023518763692197408	0.0009494114702389046	3.0819622015982874e-05	1.198014960617222e-06	3.7762792564066674e-08	1.5874002820018335e-05	0.0004175699416676215	0.002596941046315018	0.004275950335312199	0.002220699438298268	0.005243641298205015	0.0004237955222518863	0.46660958229909566	0.019321046443060066	0.034225296209968274	2.996228218421493e-08	0.00018977824666350785	0.00012487137018856842	7.325925054479377e-06
BoChr[8]	1.8825589013005128e-07	6.252636295931021e-06	1.2130712494951013e-07	5.011658127859752e-07	0.0010181434455328962	0.0003136192541866946	6.064040507087778e-06	5.37115553301261e-06	3.2068376777309074e-06	1.5510734371028905e-05	2.881703254494046e-06	7.922631011827348e-08	4.023749760279401e-05	7.966254465796674e-07	0.0001412227042225043	7.339220387460942e-05	2.5800426579602768e-05	1.643208219137118e-08	0.7230747306346893	2.659094736844266e-05	5.6396626946218255e-05	2.681248802522659e-08	2.2888849771650574e-08	0.0030087078204256274	2.1652829308505799e-07	0.0002447041303414539
BoChr[9]	5.235195071007226e-08	0.0005679909338709681	0.0007132611350805282	0.00011487181331731655	0.00017400685041416057	0.0034987665450037864	0.0006198877330390396	0.0024871037679281473	0.0012804111016522768	0.0027854290458738796	9.265271851202072e-06	0.0002746545212204607	0.0011929538634550508	0.0014103709058696208	0.008951779153425826	0.016737136672698653	0.012590205380267817	9.719034086547396e-05	0.00012118429402552701	0.016491658990547654	0.005519753159846346	0.00011701037442435336	9.709679668155502e-05	0.0008041924605343808	0.2719073751661927	0.00719003354925917
BoChr[10]	4.378657738282054e-06	0.00031926926678503385	0.00040398791976564664	0.0005637862082348555	0.012609041757625903	0.004024593564248562	0.00566111578067165	0.012675798112421886	0.013644964945757086	0.003571841771339326	4.203895392974451e-47	0.009541598871477675	0.004085151931908584	0.0005123586598237572	0.014374237431179217	0.004313012710078609	0.044084210866581944	0.0028765622387994226	0.007327102702530031	0.006863218481983808	0.01739061765974199	0.00013813929558210704	0.007389302034234291	0.007519389067737592	0.012496116582122525	0.06660767897681628
BoChr[11]	2.1948641913849266e-07	7.880693204334052e-06	9.48311021567605e-05	1.0391835656973903e-07	0.00034786890012462017	0.0003636925950723	7.258219440155201e-07	0.000371444850712095	5.895163346020813e-05	1.4289122967447309e-05	9.04964029925856e-05	3.7970907370506787e-07	0.00019654857626199077	2.1979334938008237e-05	0.0014235375338123685	2.695951964355697e-06	0.00023991025642957676	0.008734860659142696	0.0077639638238340665	6.957532573688989e-09	2.1026013855576095e-07	0.6711040417540107	0.0037486798660564657	0.00020502032304765204	1.9769257713461973e-05	4.320969572101785e-08
BoChr[12]	1.462869692143709e-06	0.00073619703302764	0.0003397379701379322	3.229658119947132e-05	0.0007484603821850478	0.0006035681973106278	5.794940174557819e-08	6.415846247294233e-05	0.004062108819434474	0.0014761263786277	0.012733883703489258	3.5930731072016915e-08	3.1468625932825135e-06	2.9356747251640047e-10	0.0016112809400000837	0.006253805524450282	0.00010508793265399824	0.00278807326146612	9.624228622939767e-09	4.3007341618483966e-06	2.367025826279e-06	1.885194534234649e-05	0.5845531126856804	1.4928809440863944e-05	8.243690638878567e-09	7.330489863069372e-05
BoChr[13]	2.1696402430515516e-06	0.0007058132123682093	0.003776993265327663	0.0006809912361224968	0.0005528712460366511	0.002617044413241416	0.006290408201504718	0.0029740143957364394	0.013230631867371868	0.004381573418742235	4.203895392974451e-47	0.004826482581814559	0.006523511590747546	0.00017906668718353558	0.002775110624448658	0.017400382680502143	0.010101923362782515	0.0009192579304740889	0.00033011625810587476	0.005302813715958834	0.018312235316130625	0.00024567583575844763	0.004021026189329007	0.009220437898716937	0.024812949853930347	0.07459296367429459
BoChr[14]	3.437259939801152e-05	0.0034352244774265776	0.004137949969542296	0.0006289977023932281	0.0029937252455316354	0.00275318189087713	0.0024096819840577154	0.003763467786298591	0.0224692370457835	0.0007440419712116153	0.00027643635783987787	2.875357453959282e-05	0.012652976575220585	9.605641506482243e-05	0.0036278286291182137	0.009851791443092412	0.007693600209795477	0.0007155289121858744	8.565594706632148e-05	0.00046825799971138336	0.001970994696483146	0.0021865998073178614	0.006623762175304577	0.023151774632573632	0.005739643060034041	0.13043936888694133
BoChr[15]	3.2508825302814197e-08	0.002126301490657738	0.0025184812417856596	0.0003867124587813109	0.0036128520005442046	0.003191552162685488	0.0005113354295662021	0.005805750742438249	0.010943926715824302	0.0007899434433485897	0.0002004292500009983	0.00033313105537644103	0.013192888233413953	0.00027180548734577313	0.0011748296571465389	0.009121809091979455	0.012679820509411	0.000786389686547011	4.203895392974451e-47	0.00011672981527567572	0.0012802447813712104	0.003419678161810111	0.005587228239619435	0.006384982228664064	0.03381293564739394	0.04970842511401862
BoChr[16]	2.7451236617181962e-08	0.0042076161841396245	0.005635630786837282	0.0022470890595868553	0.0022827939067019544	0.006552742776766845	0.006783894695436174	0.004618295477994252	0.0044790920929199275	0.0008067229323360078	9.373114131449257e-05	0.00021106993779540062	0.0068118605739044555	0.00040313752368092536	0.009577138193853897	0.0248511044960469	0.003943176586544723	0.00020142785855568944	6.647754460573197e-05	0.000998217170126736	0.0011065032045604539	0.006783317160598017	0.000294192805304192	0.008905589685324742	0.007884831418159717	0.0056196010876738
BoChr[17]	1.4599713637331036e-06	1.5171643545170786e-05	6.117306823298918e-06	5.3595203000611495e-06	6.98176333905398e-08	1.2105296820086574e-05	0.00038980781884915384	5.267710928201809e-05	7.883074198184916e-07	2.1755102697857486e-05	2.3536277152460615e-05	4.087256397942372e-08	1.4823683820587994e-05	3.409602355090613e-08	6.40175782569739e-08	8.08904653289479e-06	3.529388699970275e-08	2.1343009170838396e-06	0.021205816529365196	3.461067999057866e-08	2.514037413415804e-05	0.041511979774992894	3.3783478752194936e-05	0.6063642760114564	0.0006994302558102029	3.7993121504605543e-06
BoChr[18]	6.467118805064676e-07	0.0003695640512362003	5.773874083097042e-05	0.0009253155304794427	0.001532290815715811	0.0026785320907066535	0.0013902372090287322	0.000468051803336067	0.006761719039342156	0.00029415892869289807	0.00015165737454459816	0.007151284974749412	0.01006681754240999	0.00034748811815512595	0.0009004901076203176	0.009657852986606218	0.00600677922285179	0.005631725333345905	1.6448533202151338e-10	0.015807555672910104	0.01102969544959862	2.4322633963720362e-05	0.0002409974079747723	0.01709413606891065	0.15249887223766387	0.03494892821570865
BoChr[19]	3.438471758432371e-07	0.0029890238281227253	0.00034006966415459414	0.00040754551176428675	3.309121986497132e-05	0.009289016121854416	0.023236543130014838	0.00030282444373508355	0.0009373985875775759	8.144120034874197e-05	0.00032319015630332835	0.010453266277124005	0.02763953912805139	3.9001892445753584e-05	0.0032699334160359683	0.02373297721800471	0.028417146139819847	0.013198460438290448	5.452188332811304e-08	0.013342751698650663	0.005033874633853017	0.008079837560653686	0.004573474628619087	0.025781873780856585	0.07220308667843967	0.008530701795945107
BoChr[20]	2.378658471491324e-07	0.0047597077411105195	0.0003410045283517604	7.414214823365018e-05	0.0004882039680732575	0.005875130958942503	0.022089066489913156	0.0007411214127932908	0.001706911159020592	7.367945967139634e-05	0.000804159027279976	0.0021381476847847124	0.01652987071730015	0.00275392085313797	0.0007601603984138095	0.03307119200348016	0.019120764970772218	1.745087160543335e-05	2.8601963464325307e-09	0.0200464762409851	0.014388188162524643	0.012317118061947702	0.0002008545770740966	0.010474858872372117	0.032285960811135016	0.024990522857417968
BoChr[21]	6.08207401170624e-06	0.00024200291285524143	5.5523691698908806e-05	0.0012106160860512927	0.0010000701098157626	0.002522302627554822	0.005663437891274015	0.004143288517547051	0.00376714872716434	0.0015202047719412803	0.0007967558320524404	0.001385447872048644	0.003290718467238069	0.0035687663020559056	0.00033426269299070556	0.005529050738292653	0.007158804888116492	0.0031400422457124933	3.3660684675851374e-05	0.001952600673539564	0.0013002830175041767	0.0016888913087586843	0.0012693899087724957	0.0054471390223380925	0.029243113937736778	0.06810057893311751
BoChr[22]	1.024617345761536e-05	0.0017986925809623246	0.0002729896440237667	0.001257968529807485	0.00040555448565697815	0.0016398640343641092	0.007860968209121211	0.0005281176666176179	0.007422997961828531	0.00037533525712206027	3.84973892833429e-05	0.003066767237642125	0.012325022195569772	3.931103796286541e-05	0.0021375871867940076	0.008586183995704759	0.0033713593075844982	0.0003293963871955796	1.6815581571897804e-46	0.00035007949777650214	0.0009656597052111238	0.0014395735131142117	0.0016784912428739638	0.01219760151359229	0.07217422253997938	0.013681539394214041
BoChr[23]	0.0006987545409761963	0.001277708215661868	2.1656088641464067e-07	0.00021286516582600613	0.0032285595636985854	0.0018888499217332288	0.00040628389820795974	0.015050989081485042	0.00228563431268757	0.005694514928887191	0.001037881793562141	4.6333225390511124e-08	0.0014026057685230242	0.009809771325000004	0.0012113503589742613	0.004592337093323149	0.01238741448472581	0.0005522123752314556	2.741542669859598e-06	0.002551262652820112	0.0021650750469665338	0.0006960123354970272	0.00048106965233776224	6.270516100016721e-05	0.004276419555745861	0.23433441750938072
