MutationType	SBS80A	SBS80B	SBS80C	SBS80D	SBS80E	SBS80F	SBS80G	SBS80H	SBS80I	SBS80J	SBS80K	SBS80L	SBS80M	SBS80N	SBS80O	SBS80P	SBS80Q	SBS80R	SBS80S	SBS80T	SBS80U
BP10MB[0]	2.83E-03	7.88E-03	5.09E-03	8.62E-04	9.54E-03	2.32E-04	7.64E-04	1.42E-03	3.87E-03	4.08E-03	3.58E-03	6.73E-03	1.31E-03	5.87E-03	2.34E-03	4.83E-03	2.78E-03	3.52E-03	1.18E-02	7.99E-03	7.81E-03
BP10MB[1]	0.00E+00	3.79E-03	3.98E-03	1.17E-04	4.78E-03	2.97E-04	1.10E-04	5.55E-04	5.99E-04	3.05E-04	1.17E-03	1.22E-03	1.66E-04	1.47E-03	5.56E-04	1.59E-03	1.35E-03	4.83E-04	6.62E-03	3.01E-03	3.16E-03
BP10MB[2]	0.00E+00	3.13E-03	1.52E-03	8.24E-04	9.33E-04	2.90E-04	0.00E+00	2.85E-05	1.60E-03	2.46E-03	1.72E-03	2.54E-03	3.88E-04	2.73E-03	7.90E-04	4.87E-04	9.66E-04	1.79E-04	2.88E-03	8.32E-04	1.24E-03
BP10MB[3]	1.23E-09	1.59E-04	6.93E-04	3.81E-04	1.82E-04	2.82E-04	6.94E-05	2.53E-04	5.40E-04	2.52E-04	2.94E-04	4.78E-04	2.87E-05	6.71E-04	4.23E-04	6.18E-04	4.12E-04	1.00E-04	9.06E-04	4.89E-04	5.42E-04
BP10MB[4]	1.20E-09	3.51E-04	1.02E-03	6.08E-04	0.00E+00	2.11E-04	6.55E-06	1.98E-04	4.25E-04	6.30E-04	3.88E-04	5.41E-04	2.96E-04	1.31E-03	4.08E-04	3.30E-04	2.21E-04	2.10E-05	7.41E-04	3.01E-04	3.72E-04
BP10MB[5]	2.30E-09	0.00E+00	3.88E-04	2.34E-04	0.00E+00	1.68E-04	6.92E-05	1.05E-04	2.01E-04	1.19E-04	9.26E-05	1.94E-04	4.12E-05	3.23E-04	1.99E-04	2.40E-04	1.60E-04	1.98E-04	1.92E-04	1.75E-04	2.65E-04
BP10MB[>5]	3.42E-09	0.00E+00	1.60E-04	7.83E-04	0.00E+00	5.46E-04	3.21E-04	2.14E-04	1.99E-04	4.25E-04	1.26E-04	2.22E-04	1.06E-03	3.89E-04	6.91E-04	2.91E-04	5.51E-04	2.04E-04	5.15E-04	5.52E-04	5.11E-04
BPArm[0]	3.65E-04	6.52E-04	1.32E-04	4.03E-05	1.41E-03	1.87E-05	7.30E-05	1.31E-04	2.06E-04	2.56E-04	2.03E-04	3.46E-04	4.89E-05	2.75E-04	3.44E-04	2.88E-04	2.05E-04	3.66E-04	3.52E-04	1.25E-03	2.61E-04
BPArm[1]	6.25E-05	7.84E-04	7.04E-05	7.30E-10	1.00E-03	1.45E-09	7.86E-06	6.60E-09	0.00E+00	0.00E+00	2.60E-05	4.90E-05	7.80E-07	2.91E-05	4.60E-08	3.05E-05	1.45E-08	1.29E-08	7.43E-04	4.43E-04	6.21E-04
BPArm[2]	9.18E-05	1.12E-03	2.33E-09	2.35E-06	1.23E-03	6.47E-07	6.62E-06	3.72E-05	7.14E-05	3.27E-05	1.53E-10	1.50E-04	2.02E-09	5.16E-05	8.27E-09	2.71E-18	6.37E-06	4.83E-05	1.59E-04	6.82E-06	1.38E-05
BPArm[3]	2.06E-09	4.28E-04	3.46E-04	1.61E-06	5.68E-04	0.00E+00	2.55E-06	1.30E-11	4.03E-05	6.77E-05	9.50E-05	1.34E-04	1.34E-05	1.32E-04	2.59E-06	1.17E-04	8.97E-05	1.96E-05	6.91E-04	3.36E-04	3.65E-04
BPArm[4]	1.52E-09	4.24E-04	1.10E-04	2.81E-06	2.28E-04	0.00E+00	2.88E-05	1.51E-05	1.65E-04	1.86E-04	9.54E-05	2.79E-04	9.86E-06	1.65E-04	2.04E-05	3.62E-05	3.23E-05	3.66E-05	2.95E-04	7.45E-05	9.90E-05
BPArm[5]	2.27E-09	1.85E-04	3.54E-04	1.39E-08	2.85E-04	3.96E-06	8.26E-06	9.05E-06	6.14E-05	7.72E-05	1.00E-04	1.15E-04	4.25E-09	1.42E-04	4.82E-05	1.15E-04	1.01E-04	5.21E-05	4.39E-04	1.69E-04	1.86E-04
BPArm[6]	8.99E-10	2.78E-04	1.36E-04	2.51E-05	6.65E-05	1.37E-05	1.15E-05	2.66E-05	1.37E-04	1.83E-04	9.40E-05	1.97E-04	6.77E-05	1.97E-04	9.22E-05	1.31E-04	4.67E-05	3.65E-05	2.30E-04	6.53E-05	1.10E-04
BPArm[7]	1.85E-09	1.07E-04	2.06E-04	1.02E-05	1.05E-04	2.02E-05	7.67E-06	3.54E-06	6.27E-05	5.59E-05	7.10E-05	8.50E-05	4.19E-09	1.64E-04	5.35E-05	1.65E-04	8.77E-05	3.69E-05	2.42E-04	1.44E-04	1.07E-04
BPArm[8]	1.78E-09	1.92E-04	1.01E-04	3.27E-05	1.11E-05	1.71E-05	1.15E-06	6.13E-05	8.21E-05	1.50E-04	6.12E-05	1.25E-04	3.37E-05	1.51E-04	1.15E-04	8.08E-05	2.31E-05	6.30E-05	1.58E-04	2.90E-05	8.97E-05
BPArm[9]	1.79E-09	5.61E-05	8.25E-05	3.37E-05	2.04E-05	1.53E-05	3.14E-06	8.89E-06	5.29E-05	5.03E-05	5.25E-05	5.33E-05	2.77E-05	1.33E-04	6.16E-05	1.43E-04	8.12E-05	4.61E-05	1.08E-04	6.32E-05	9.23E-05
BPArm[10]	2.30E-09	1.14E-04	6.97E-05	3.98E-05	5.30E-07	1.34E-05	1.40E-47	3.18E-05	8.08E-05	1.15E-04	5.50E-05	7.94E-05	4.11E-05	1.06E-04	5.61E-05	5.79E-05	2.58E-05	2.49E-05	1.02E-04	5.65E-05	7.37E-05
BPArm[>10 & <=20]	1.79E-09	6.65E-06	5.95E-04	3.06E-04	0.00E+00	1.44E-04	2.39E-05	8.96E-05	2.68E-04	2.27E-04	2.26E-04	2.68E-04	1.35E-04	5.06E-04	2.07E-04	2.32E-04	1.19E-04	1.06E-04	3.37E-04	2.58E-04	2.54E-04
BPArm[>20 & <=30]	2.67E-09	0.00E+00	1.68E-04	1.06E-04	0.00E+00	9.19E-05	4.09E-05	5.63E-06	7.86E-05	5.99E-05	3.40E-05	7.25E-05	6.42E-05	1.57E-04	9.25E-05	7.29E-05	9.09E-05	3.02E-05	1.15E-04	1.16E-04	9.29E-05
BPArm[>30]	3.33E-09	0.00E+00	5.97E-06	1.33E-04	0.00E+00	7.93E-05	5.47E-05	2.84E-06	0.00E+00	3.36E-05	2.44E-10	1.80E-05	1.52E-04	4.36E-05	1.21E-04	3.77E-05	6.55E-05	8.12E-07	6.78E-05	7.81E-05	6.17E-05
CN[0]	1.06E-06	7.37E-05	2.08E-09	1.51E-10	6.07E-08	0.00E+00	1.12E-08	7.54E-04	2.24E-03	5.47E-03	2.09E-10	3.13E-03	5.78E-09	5.59E-03	3.00E-03	1.45E-08	1.18E-05	2.97E-09	1.55E-03	1.85E-09	3.23E-03
CN[1]	1.18E-04	4.50E-05	7.15E-04	2.06E-04	4.29E-05	1.97E-47	0.00E+00	1.07E-02	1.56E-03	2.70E-03	4.12E-12	1.22E-03	4.44E-04	2.65E-03	1.40E-03	2.28E-03	2.65E-04	5.11E-04	6.12E-04	5.43E-04	9.60E-04
CN[2]	1.82E-03	4.68E-03	1.97E-03	3.58E-03	1.74E-18	1.20E-04	3.77E-04	5.29E-03	9.80E-04	5.13E-03	8.68E-04	3.44E-02	1.81E-03	1.97E-03	4.90E-04	2.09E-03	3.77E-04	2.76E-04	2.44E-03	5.06E-04	9.24E-04
CN[3]	5.43E-06	1.86E-03	4.61E-03	7.71E-03	2.00E-03	1.30E-04	3.24E-04	0.00E+00	3.01E-03	4.12E-04	1.32E-02	3.39E-03	2.02E-03	6.84E-03	1.31E-02	8.96E-03	7.17E-03	5.83E-03	7.69E-03	5.36E-03	7.82E-03
CN[4]	1.38E-09	0.00E+00	1.03E-03	1.15E-03	1.20E-04	4.63E-03	4.71E-04	0.00E+00	1.05E-03	5.76E-03	9.51E-03	2.68E-04	6.43E-04	2.57E-03	3.83E-03	5.39E-03	2.14E-03	2.64E-03	3.00E-03	2.89E-03	4.09E-03
CN[>4 & <=8]	4.06E-09	6.82E-10	6.93E-08	1.32E-07	3.03E-09	6.68E-03	2.23E-03	0.00E+00	3.08E-03	4.76E-07	5.52E-03	9.07E-05	2.62E-03	1.09E-07	3.31E-03	3.10E-03	7.04E-07	8.11E-06	4.37E-08	3.82E-07	1.69E-03
CN[>8]	5.13E-09	3.85E-09	1.27E-09	5.18E-10	2.79E-09	4.39E-04	1.97E-03	1.40E-47	4.42E-05	4.00E-09	5.66E-08	5.46E-09	5.20E-05	2.51E-08	2.12E-08	3.44E-08	4.76E-09	7.53E-09	4.79E-08	2.06E-08	1.25E-04
CNCP[0]	6.79E-04	1.16E-08	9.87E-10	0.00E+00	1.78E-04	0.00E+00	0.00E+00	0.00E+00	5.23E-05	7.23E-05	0.00E+00	5.71E-05	0.00E+00	7.81E-05	3.70E-05	0.00E+00	0.00E+00	0.00E+00	1.16E-05	1.15E-03	3.07E-07
CNCP[1]	0.00E+00	2.98E-03	5.72E-03	6.08E-03	2.77E-03	3.30E-03	8.14E-06	9.20E-03	2.88E-04	1.97E-47	2.30E-03	6.60E-03	1.07E-02	5.09E-03	8.95E-03	2.61E-03	2.30E-03	1.93E-03	8.44E-03	3.91E-03	3.47E-03
CNCP[2]	2.71E-09	9.69E-08	7.86E-04	7.90E-04	1.48E-08	6.85E-03	5.50E-04	0.00E+00	3.94E-03	7.30E-03	1.21E-02	4.80E-03	3.79E-03	3.85E-03	1.35E-03	2.39E-03	9.87E-04	7.70E-04	4.09E-03	6.91E-04	3.33E-03
CNCP[3]	2.05E-09	1.68E-08	5.57E-04	7.99E-04	2.53E-09	1.82E-03	8.39E-04	1.41E-07	2.29E-03	9.55E-04	2.78E-04	2.82E-04	5.72E-04	1.33E-04	1.25E-03	8.03E-04	1.01E-04	1.12E-04	1.01E-03	6.91E-04	1.11E-03
CNCP[4]	5.23E-09	2.27E-09	5.58E-05	2.37E-04	1.68E-08	8.02E-04	5.27E-04	1.78E-09	1.24E-03	3.53E-04	5.93E-06	5.87E-05	6.22E-05	1.61E-05	3.97E-04	2.24E-04	3.95E-08	1.28E-07	5.98E-06	1.08E-04	4.16E-04
CNCP[>4 & <=8]	3.67E-09	3.11E-09	1.58E-07	4.70E-05	7.57E-09	4.67E-04	1.01E-03	1.03E-10	1.25E-03	3.48E-04	7.03E-10	4.75E-08	2.36E-08	1.56E-08	9.54E-05	4.50E-07	9.61E-09	1.18E-08	1.66E-09	3.66E-07	6.92E-05
CNCP[>8]	1.86E-07	9.92E-09	6.02E-10	1.76E-10	8.74E-09	0.00E+00	1.11E-03	3.68E-07	3.02E-08	3.31E-09	1.26E-09	1.21E-08	1.48E-08	2.79E-08	9.25E-09	5.84E-10	2.55E-09	0.00E+00	4.87E-08	3.37E-09	2.25E-08
OsCN[0]	2.11E-03	4.82E-04	3.73E-03	2.68E-03	4.39E-04	4.76E-03	4.23E-03	4.07E-04	1.98E-03	1.94E-03	4.11E-04	1.61E-02	9.95E-03	1.02E-02	3.31E-03	1.11E-02	9.96E-03	2.53E-03	9.65E-03	2.16E-02	2.06E-02
OsCN[1]	9.66E-06	1.38E-03	1.15E-03	1.09E-03	9.17E-04	7.55E-04	5.57E-04	5.15E-47	1.41E-03	1.21E-03	1.51E-03	1.77E-03	2.95E-03	2.23E-03	1.89E-03	1.57E-03	1.53E-03	6.08E-04	2.50E-03	1.40E-03	1.54E-03
OsCN[2]	9.79E-10	2.59E-04	5.41E-04	2.34E-04	3.39E-04	2.66E-04	1.40E-04	1.42E-04	3.19E-05	4.34E-04	3.03E-04	2.54E-04	5.05E-04	6.43E-04	3.98E-04	5.81E-04	4.85E-04	3.42E-04	7.11E-04	4.44E-04	4.67E-04
OsCN[3]	7.94E-10	4.34E-04	3.52E-04	1.74E-04	0.00E+00	1.79E-04	1.50E-05	2.12E-04	2.79E-04	3.44E-04	2.93E-04	4.08E-04	3.94E-04	4.27E-04	2.90E-04	1.89E-04	1.99E-04	6.00E-05	3.95E-04	1.14E-04	2.33E-04
OsCN[4]	1.73E-09	3.60E-05	1.06E-04	8.64E-05	3.73E-05	6.21E-05	7.01E-47	1.24E-04	0.00E+00	9.75E-05	1.04E-04	8.60E-05	1.92E-04	1.59E-04	1.07E-04	1.05E-04	5.51E-05	8.51E-05	1.39E-04	9.05E-05	7.92E-05
OsCN[>4 & <=10]	1.35E-09	1.20E-04	3.84E-04	3.37E-04	0.00E+00	3.33E-05	3.45E-06	3.41E-04	1.45E-05	1.63E-04	1.10E-04	2.41E-04	4.56E-04	1.41E-04	3.22E-04	1.58E-46	7.48E-05	1.97E-47	2.79E-04	1.27E-04	5.83E-05
OsCN[>10]	2.22E-09	0.00E+00	4.14E-05	1.31E-04	1.96E-10	0.00E+00	3.93E-07	1.13E-04	0.00E+00	6.29E-06	3.82E-06	4.05E-05	1.02E-04	4.09E-05	9.71E-05	3.07E-09	6.96E-06	6.06E-08	7.45E-05	2.02E-05	0.00E+00
SS[<=2]	5.62E-09	7.00E-07	1.40E-47	2.66E-05	2.60E-06	5.25E-05	3.64E-05	1.36E-06	1.92E-04	4.48E-05	2.85E-05	8.67E-05	2.50E-04	3.92E-05	5.85E-05	4.11E-05	4.29E-05	7.51E-06	1.44E-05	3.39E-05	9.90E-05
SS[>2 & <=3]	6.64E-09	2.40E-10	0.00E+00	6.42E-05	1.73E-09	1.06E-04	1.25E-04	1.98E-10	2.04E-03	4.31E-04	2.80E-09	7.60E-04	2.43E-03	1.66E-05	9.91E-06	6.95E-05	8.38E-47	1.60E-04	6.47E-05	9.36E-08	1.07E-04
SS[>3 & <=4]	5.11E-09	2.65E-09	9.93E-05	3.83E-04	1.77E-09	1.69E-04	2.34E-04	7.11E-05	7.73E-03	1.77E-03	1.49E-08	3.19E-03	9.18E-03	1.20E-07	9.11E-06	2.50E-46	5.62E-08	1.40E-03	1.61E-05	1.18E-07	3.62E-08
SS[>4 & <=5]	7.99E-10	8.89E-04	0.00E+00	6.00E-03	0.00E+00	5.93E-04	1.75E-03	1.27E-03	3.16E-03	2.86E-03	1.13E-03	1.60E-03	8.92E-03	5.37E-03	8.20E-03	5.23E-04	2.66E-03	1.71E-03	7.22E-03	4.28E-03	2.14E-03
SS[>5 & <=6]	1.88E-11	8.68E-04	1.87E-03	5.09E-03	6.14E-04	4.87E-03	2.00E-03	4.60E-03	1.07E-03	5.30E-03	3.09E-03	1.95E-03	5.59E-03	3.07E-03	4.67E-03	2.81E-03	3.39E-03	2.25E-03	3.41E-03	3.38E-03	4.76E-03
SS[>6 & <=7]	0.00E+00	4.58E-04	5.33E-03	5.02E-03	5.35E-04	3.49E-03	1.40E-03	2.89E-03	5.18E-03	2.61E-03	2.19E-03	4.59E-03	3.33E-04	5.88E-03	4.70E-03	5.60E-03	3.86E-03	3.17E-03	5.22E-03	4.47E-03	4.84E-03
SS[>7 & <=8]	3.33E-04	1.93E-03	3.47E-03	5.80E-04	3.15E-03	5.20E-04	9.41E-05	7.79E-04	1.75E-03	2.47E-03	2.27E-03	3.29E-03	6.55E-04	4.09E-03	1.24E-03	2.11E-03	1.91E-03	1.33E-03	6.12E-03	2.64E-03	3.16E-03
SS[>8]	4.27E-04	2.76E-04	0.00E+00	1.25E-09	8.16E-04	1.64E-10	0.00E+00	0.00E+00	0.00E+00	8.40E-11	9.25E-11	7.83E-09	3.29E-09	2.49E-09	3.47E-09	7.36E-09	2.68E-09	0.00E+00	2.24E-08	7.87E-07	9.68E-09
NC50[<=2]	2.81E-05	0.00E+00	2.30E-10	3.37E-07	5.89E-10	4.67E-08	6.91E-06	8.02E-10	0.00E+00	0.00E+00	0.00E+00	0.00E+00	3.99E-07	8.94E-08	4.41E-09	1.54E-06	2.94E-06	8.65E-07	7.73E-06	4.19E-05	4.77E-06
NC50[3]	1.41E-05	5.84E-06	0.00E+00	1.77E-06	4.09E-05	7.00E-07	5.77E-06	5.65E-06	0.00E+00	0.00E+00	0.00E+00	3.65E-08	1.65E-06	3.80E-06	2.13E-06	4.25E-06	1.13E-09	4.30E-06	6.41E-06	1.37E-06	2.14E-06
NC50[4]	6.95E-06	3.45E-05	0.00E+00	4.05E-06	5.01E-05	1.01E-06	3.11E-06	1.55E-05	0.00E+00	0.00E+00	0.00E+00	1.46E-08	4.86E-06	1.55E-06	4.13E-06	9.93E-06	3.69E-06	4.17E-05	4.23E-06	1.86E-05	5.09E-06
NC50[5]	2.26E-06	2.60E-05	4.78E-07	9.21E-07	2.79E-05	4.11E-06	0.00E+00	1.40E-47	0.00E+00	3.88E-06	7.45E-06	5.54E-06	3.13E-06	3.13E-06	6.95E-06	1.32E-05	6.96E-06	0.00E+00	1.17E-05	5.42E-06	1.08E-05
NC50[6]	1.21E-06	3.31E-05	1.79E-05	8.16E-07	2.29E-05	3.61E-06	0.00E+00	0.00E+00	1.50E-05	1.57E-05	5.01E-05	1.92E-05	7.48E-11	3.90E-05	2.93E-05	2.46E-05	1.13E-05	0.00E+00	4.66E-05	7.03E-06	1.82E-05
NC50[7]	9.10E-07	6.87E-06	1.61E-05	4.25E-06	5.45E-06	4.83E-06	0.00E+00	1.58E-06	1.92E-05	2.43E-05	5.57E-05	2.46E-05	3.18E-05	2.28E-05	4.34E-05	5.59E-05	1.50E-05	0.00E+00	4.30E-05	2.13E-06	3.34E-05
NC50[>7]	1.81E-06	3.01E-09	4.50E-06	3.14E-07	1.23E-06	0.00E+00	0.00E+00	1.10E-06	8.43E-06	9.29E-06	1.89E-05	3.67E-05	0.00E+00	2.30E-05	2.18E-05	1.55E-05	1.38E-05	3.92E-11	1.79E-05	5.86E-06	2.91E-05
BoChr[1]	9.91E-07	3.05E-04	9.81E-04	6.87E-04	1.75E-04	1.05E-03	3.85E-05	2.12E-04	1.48E-03	5.03E-04	7.87E-04	6.62E-05	1.76E-03	2.98E-04	1.50E-04	1.99E-05	2.40E-02	3.33E-03	8.67E-04	7.21E-09	1.21E-04
BoChr[2]	4.93E-06	7.41E-04	2.04E-03	8.83E-04	3.35E-06	1.94E-03	1.07E-08	6.33E-04	5.22E-04	5.96E-04	4.16E-03	2.49E-04	1.08E-03	1.76E-02	6.35E-03	7.75E-04	6.47E-05	6.02E-05	6.44E-03	1.36E-04	7.31E-04
BoChr[3]	7.56E-06	3.46E-04	1.37E-03	7.72E-04	1.36E-04	2.25E-03	6.20E-05	1.07E-03	3.96E-04	7.41E-04	2.13E-03	1.55E-04	1.93E-03	2.25E-02	9.82E-03	7.15E-03	3.40E-47	3.09E-05	1.70E-03	2.60E-03	1.39E-04
BoChr[4]	3.45E-09	1.74E-04	8.18E-04	7.96E-04	1.22E-04	6.40E-04	3.34E-04	8.15E-04	6.60E-04	5.16E-04	5.61E-03	2.58E-03	1.66E-03	5.80E-03	1.17E-02	8.05E-03	3.58E-03	5.29E-03	2.12E-03	6.93E-03	1.49E-03
BoChr[5]	6.81E-07	1.80E-04	5.12E-04	8.74E-04	1.03E-04	3.36E-04	5.25E-04	4.37E-04	4.81E-04	3.86E-04	2.39E-03	2.13E-04	3.72E-03	6.11E-03	1.84E-02	1.37E-02	3.63E-03	6.38E-06	9.73E-03	1.05E-02	2.29E-04
BoChr[6]	2.33E-06	2.11E-04	5.71E-04	8.91E-04	2.22E-04	5.93E-04	2.34E-04	7.69E-04	7.29E-04	4.55E-04	5.60E-03	2.06E-04	2.80E-04	4.59E-04	3.26E-03	2.78E-02	7.02E-03	3.27E-03	3.44E-03	1.01E-02	4.84E-03
BoChr[7]	3.23E-06	1.30E-04	4.43E-04	7.27E-04	1.62E-04	9.46E-04	5.88E-07	9.72E-05	6.39E-04	4.53E-04	1.75E-03	3.10E-04	1.10E-03	6.86E-03	2.44E-02	3.75E-03	6.74E-03	3.27E-03	2.72E-03	9.83E-03	2.73E-06
BoChr[8]	5.13E-07	3.05E-06	4.08E-04	4.25E-05	2.88E-06	3.84E-04	2.22E-06	4.23E-06	1.72E-05	4.97E-05	2.10E-04	2.50E-07	3.06E-05	4.63E-04	2.17E-05	1.76E-05	4.07E-06	1.18E-02	6.73E-06	3.89E-05	1.44E-04
BoChr[9]	1.85E-06	1.16E-04	3.29E-04	5.16E-04	3.02E-04	7.62E-04	5.96E-05	8.22E-04	5.22E-04	4.40E-04	4.67E-03	2.98E-03	3.09E-04	1.34E-02	4.46E-03	9.13E-03	9.47E-05	6.65E-06	6.35E-03	1.51E-03	4.59E-03
BoChr[10]	3.01E-06	2.02E-04	1.05E-03	1.88E-04	1.77E-04	5.85E-04	2.76E-09	7.28E-04	6.44E-04	5.18E-04	3.68E-03	1.71E-03	4.22E-03	4.37E-03	5.09E-03	5.84E-03	3.79E-03	1.63E-03	3.10E-03	5.32E-03	6.62E-04
BoChr[11]	6.01E-07	3.12E-06	3.11E-04	5.13E-04	1.24E-04	1.65E-04	5.77E-04	1.59E-04	6.30E-04	3.45E-04	7.60E-04	6.73E-06	8.68E-06	1.24E-04	1.43E-04	1.09E-06	9.19E-03	7.57E-03	3.13E-03	2.57E-02	2.12E-04
BoChr[12]	9.23E-07	5.97E-05	8.20E-04	4.58E-04	1.72E-04	1.27E-05	3.40E-03	5.06E-04	9.23E-05	8.54E-04	3.02E-03	3.45E-04	1.31E-04	2.07E-03	1.19E-03	6.18E-09	7.17E-03	3.00E-07	2.97E-02	4.43E-03	4.30E-03
BoChr[13]	3.16E-08	2.04E-04	2.78E-04	2.83E-04	2.52E-04	3.66E-04	4.47E-06	7.23E-04	3.71E-04	1.51E-04	3.85E-03	2.51E-03	9.62E-05	5.58E-03	3.57E-03	6.58E-03	5.12E-03	1.94E-04	4.48E-03	1.31E-03	4.50E-03
BoChr[14]	1.49E-05	2.11E-04	6.33E-04	4.56E-04	3.51E-04	5.01E-04	1.34E-04	2.66E-04	5.42E-04	3.08E-04	1.95E-03	2.77E-03	5.82E-05	2.94E-03	2.49E-03	7.26E-03	1.67E-03	7.09E-05	5.61E-03	8.55E-05	6.68E-03
BoChr[15]	1.82E-08	1.24E-04	3.55E-04	2.91E-04	1.39E-04	3.89E-04	5.44E-05	1.78E-04	4.49E-04	3.92E-04	2.08E-03	1.85E-03	3.59E-04	2.51E-03	2.24E-03	4.35E-03	1.59E-03	0.00E+00	3.45E-03	9.05E-04	4.30E-03
BoChr[16]	3.00E-07	2.59E-04	3.32E-04	3.64E-04	2.80E-04	2.85E-04	7.11E-05	1.02E-04	3.25E-04	3.67E-04	1.47E-03	3.08E-04	7.18E-18	2.21E-03	8.54E-04	1.98E-03	1.57E-04	3.71E-05	1.54E-03	7.65E-04	1.77E-03
BoChr[17]	3.57E-06	9.49E-05	1.10E-04	5.28E-05	1.03E-04	1.58E-05	1.53E-04	5.51E-05	8.70E-05	1.03E-06	1.14E-04	3.32E-08	7.88E-04	1.13E-05	1.52E-07	2.53E-04	9.19E-03	8.61E-03	1.18E-05	1.07E-02	2.57E-02
BoChr[18]	1.52E-06	1.86E-04	4.62E-04	2.82E-04	3.45E-04	7.15E-04	8.64E-05	2.53E-04	2.36E-04	1.17E-04	2.65E-03	3.38E-03	3.29E-04	9.50E-03	5.60E-03	1.10E-02	6.89E-08	1.97E-47	5.47E-03	1.41E-03	4.16E-03
BoChr[19]	2.88E-07	7.57E-05	1.66E-05	3.15E-03	2.59E-04	1.24E-03	1.44E-04	5.69E-05	1.91E-04	3.22E-05	3.34E-03	1.60E-05	1.46E-04	9.14E-03	5.16E-03	1.06E-02	7.04E-03	1.98E-06	1.84E-03	4.77E-03	7.67E-03
BoChr[20]	3.90E-09	1.25E-04	2.97E-04	1.50E-03	1.08E-04	5.88E-04	2.82E-04	5.81E-05	1.59E-04	6.55E-05	3.46E-03	1.25E-04	7.98E-09	7.36E-03	4.65E-03	7.29E-03	2.36E-03	8.69E-08	2.86E-03	4.48E-03	5.82E-03
BoChr[21]	5.68E-06	2.41E-05	2.23E-04	8.51E-05	2.13E-04	3.43E-04	1.47E-04	4.83E-04	1.82E-04	3.07E-05	1.35E-03	1.90E-03	2.37E-03	2.51E-03	2.54E-03	2.78E-03	2.29E-03	3.05E-04	3.02E-03	1.87E-03	1.44E-03
BoChr[22]	7.16E-06	8.58E-05	9.09E-05	1.14E-03	2.06E-04	3.57E-04	1.94E-05	1.99E-04	1.34E-04	1.14E-04	1.43E-03	1.69E-03	2.46E-03	3.76E-03	2.64E-04	4.60E-03	4.40E-04	6.78E-06	2.95E-03	9.44E-04	4.52E-03
BoChr[23]	4.13E-05	4.13E-05	6.44E-04	4.55E-04	7.81E-05	2.58E-04	2.63E-04	8.78E-04	8.39E-04	1.69E-04	3.63E-03	5.50E-03	1.43E-03	4.95E-03	6.50E-03	3.79E-03	3.80E-03	5.17E-04	1.99E-03	4.14E-03	1.76E-03
