MutationType	SBS80A	SBS80B	SBS80C	SBS80D	SBS80E	SBS80F	SBS80G	SBS80H	SBS80I	SBS80J	SBS80K	SBS80L	SBS80M	SBS80N	SBS80O	SBS80P	SBS80Q	SBS80R	SBS80S	SBS80T	SBS80U
BP10MB[0]	0.7345348751544952	0.4679917177557945	0.04925815685193501	0.0017008356614218022	0.6354722154140472	0.0008752325630060268	0.030289331022650003	0.016096153534724482	0.06177391326404177	0.04119848834028226	0.019941352744033736	0.04750016214956263	0.004225182199813068	0.035783346812946745	0.01107158493361645	0.04766199361089798	0.009302777867649327	0.07643771658651531	0.0729361688501266	0.030296353816986123	0.05920105535275452
BP10MB[1]	0.0	0.010144088548281189	0.06325316150207072	0.0003444242470141035	0.0717232988961041	0.0025850824161898632	0.0009476905166229761	0.0033633724328731773	0.003520307053695433	0.0027873910282505674	0.002218504584450137	0.001785673454278367	0.000640205717063509	0.003433857639334647	0.0020979153108783067	0.004065256495391622	0.0026082733733346687	0.002741720713383984	0.03717321998865377	0.00669286064429798	0.007319781294904845
BP10MB[2]	0.0	0.10151811856776476	0.04602521079592407	0.006098897129195393	0.0029988219428647447	0.001202373160776915	0.0	5.049011022059114e-05	0.05561509729363024	0.036792100055026825	0.01126221127648166	0.007611626894213259	0.0016941952022187263	0.01760592138685752	0.0023699292785364806	0.001368645720249334	0.008408003129129699	0.0004564372745892913	0.011812065856793197	0.004603863815809746	0.003066070566446297
BP10MB[3]	3.843345197651615e-09	0.000743414988499893	0.031477460786700245	0.002795849977915168	0.0006645038512942847	0.0034006960282567888	0.0006185029327753	0.0020166975358649353	0.005656354337746031	0.004420080831628184	0.0011492241039023675	0.0011781487956148773	8.051723219978158e-05	0.004191269322475937	0.0013851746521686436	0.004459781707446382	0.0020649908174894542	0.00030251609233240893	0.005546299019844127	0.0040094038941917666	0.0016143837136041838
BP10MB[4]	4.570793428193553e-09	0.0031160928506869822	0.015046513243578374	0.011145478429389186	0.0	0.0014972575628527808	6.546031800098717e-06	0.000983442235554719	0.014925514385104179	0.01433766622794792	0.0016644664995752122	0.002003493794708504	0.002954433657525044	0.007857646201757546	0.0009654189922684963	0.0014277148218253878	0.0009216432680396736	2.1019147243350745e-05	0.00259142130278633	0.0019194137389213423	0.0007244277561767376
BP10MB[5]	2.304596648960988e-08	0.0	0.007194798826240003	0.004476963372239634	0.0	0.002873405363807251	0.0012760000590787968	0.0007702210005924925	0.0026758596082981966	0.00131261641614401	0.0002489562955815927	0.0004650870968135123	0.0001489580939245627	0.0013468987269755791	0.00044758837844710797	0.0013736512682822877	0.00022664201661953806	0.0014432783588927123	0.0004990722326522246	0.0007262757114450835	0.0011572515761920953
BP10MB[>5]	2.2497898354290057e-08	0.0	0.00034585181390866637	0.02464597184211016	0.0	0.010626157548977062	0.014631218654103577	0.001433689710830528	0.0011358823093178217	0.002910552683674723	0.00027976990677416327	0.00037883687781764763	0.013945686621830038	0.0006464968807165406	0.0022382316645234825	0.00042279454535425616	0.0005508106205968489	0.0008733236818525514	0.0008954745343180548	0.0008179479531781197	0.0011514141501155351
BPArm[0]	0.1072896496206522	0.018357827868312596	0.0020073244709942627	0.00021750538597163326	0.037873527938500046	6.243992073009186e-05	0.0011588305596486386	0.001720105944012225	0.003246024153060796	0.0031076324156310876	0.0011442905431125314	0.0022685507402325574	0.00012853394242319697	0.001826272206819044	0.0016986908033144118	0.0015293234067584325	0.0006728342480356763	0.004062801625877949	0.0025280924909748138	0.0026491462043829995	0.0008453921206973523
BPArm[1]	0.0005352369377015975	0.0017471012034191702	0.0002160591076277285	1.8141711510821778e-09	0.02477699412716902	2.8519045525143836e-09	2.6897643550998218e-05	1.326870050666951e-08	0.0	0.0	2.6013366878032684e-05	4.904981453587531e-05	1.0648850012806577e-06	3.000257626482039e-05	7.799658821028289e-08	3.0523489695042375e-05	2.5643228980243294e-08	1.2875026413894374e-08	0.002625464371560877	0.0006935714269891946	0.0010939209399265337
BPArm[2]	0.0010021314409017635	0.02377588539617136	2.3344090038790454e-09	2.346108667552471e-06	0.026019986552997806	6.473253544925229e-07	1.4910954729305814e-05	0.0002097602596428616	0.00028472259612307484	0.00011638338747355144	2.09447641452698e-10	0.0002605452325484947	2.0218654128711933e-09	8.614792561136398e-05	9.642930365316716e-09	2.7079381272901924e-18	6.366647660094315e-06	0.00011301307029611962	0.00025530851709063994	6.819864502176643e-06	2.257721566035542e-05
BPArm[3]	2.39756380882028e-08	0.002858926683647951	0.002470785601111345	5.109105259180069e-06	0.00902788157559712	0.0	3.6143333828864145e-06	1.2972440899261528e-11	0.00024312065144840744	0.00046630102297442024	0.00011168977439865557	0.0002138288693310386	2.6313508670317527e-05	0.00020125196548178792	3.674925807857221e-06	0.00017366668385886185	0.0001290394970779829	5.538281858996186e-05	0.0035761399010851846	0.0005864661702094764	0.0008924174416041808
BPArm[4]	9.157476412724463e-09	0.01644053471952475	0.00076898616811377	2.809615107253194e-06	0.0033594982023350895	0.0	0.00035296806553105866	3.698497183739491e-05	0.0016975117682886775	0.0016420784142387034	0.0001450057438916311	0.0005934731479548816	9.864523308351636e-06	0.00047484065703429224	6.063242186428397e-05	9.111689374549314e-05	3.5537672632321995e-05	0.00010871870741539169	0.001316516332590254	0.0001962279776607545	0.0002942423632293867
BPArm[5]	3.330198055762068e-08	0.002645728200150188	0.004004684359533712	1.3865131904822193e-08	0.0020632979774381967	3.9551997906528415e-06	3.964146894875897e-05	2.4929569972300668e-05	0.00045325624343624276	0.0006587781755727739	0.0002805314583294468	0.00023384068382057422	4.32190668586685e-09	0.0003814091025513697	8.014680628548376e-05	0.0003130436504036993	0.00012511689406892402	0.00018501013100092223	0.002464859923348968	0.0005618559519515287	0.0011160834836217504
BPArm[6]	3.98766571318987e-09	0.00776723820483312	0.0016534763554227538	5.8430383887753123e-05	0.00017910153168713806	4.883243940412285e-05	6.040844976496373e-05	0.00017563247312921249	0.003183275297342334	0.0023084074969392534	0.0003192212749200607	0.000540622340315568	0.0003356756251309852	0.0008707558402307341	0.00025416747612325705	0.0009514223369478714	0.00013797697667200737	0.00011986379980953643	0.0011139130817969089	0.0003149640774562812	0.00048128785949302255
BPArm[7]	3.360485566705762e-08	0.0013684043503599242	0.003974810420436642	2.07739086181391e-05	0.00047416007075298697	0.00011517865404130134	3.265705085190973e-05	5.549091007113205e-06	0.0008399172546342016	0.0003042004165126855	0.00021176443119848897	0.00022815914366304923	5.835980738666535e-09	0.0012362078417152134	0.00013710661894720033	0.000951810626335714	0.00023351013651563336	0.00013905412860520271	0.0013349593337386523	0.0015653382355769452	0.0005163680883794086
BPArm[8]	1.3841732317554367e-08	0.0035663100925739854	0.0024291575550250853	0.00014626681110030404	1.1054605711251497e-05	8.525129720094781e-05	1.1536401143530383e-06	0.0002494983852981059	0.002427733516014996	0.001857183145845056	0.0001460957290726128	0.00034445589237497076	0.00017218467524799053	0.0007203193927057327	0.00032242951367152274	0.00040681488557225975	6.364940127241425e-05	0.0004728145530586403	0.0005754182615032732	0.0001080679319689959	0.0002454793531200039
BPArm[9]	1.749499994652126e-08	0.000455254013359081	0.002802219848963432	0.00018177148245740682	5.906176394617546e-05	8.051029563368672e-05	5.254528122122792e-06	1.7406518975064955e-05	0.0013055096495340024	0.0007012515126184838	0.0003449401439954158	0.0001739177513737741	9.836182240995584e-05	0.0011788286443472796	0.00027099785329014024	0.0009170362024761181	0.00046775421789789105	0.0001087221107991354	0.0006103393714867167	0.00033273731988948897	0.0002718800930006182
BPArm[10]	2.2818929944490306e-08	0.0013665334082907067	0.002077218748163432	0.0003721627554477891	5.295690061757341e-07	3.2483514936814116e-05	1.401298464324817e-47	0.0001464768951676909	0.002509975632710848	0.001300479657111282	0.0002394252185491652	0.0002794646460279182	0.00017241628356925886	0.0006335029106810452	0.00014926364152872295	0.000246430397100994	3.739189268344489e-05	8.285103412958961e-05	0.00042673053615772006	0.0003882135922559371	0.00035584832376798657
BPArm[>10 & <=20]	1.7085128341254306e-08	6.645025569014251e-06	0.012243005027994514	0.004032056335682909	0.0	0.0011725291664970428	9.278148183511803e-05	0.0004337388566364098	0.008319401655753608	0.004928142071585171	0.0007364189034804269	0.0007788676939274808	0.0016664335596578894	0.0024261308663571413	0.0005642014170007325	0.0008583240351160549	0.00026014626675532784	0.0004248659874019722	0.0010089112629918873	0.001964030755142304	0.0006480438156985712
BPArm[>20 & <=30]	4.232044934937562e-08	0.0	0.0014306027596467175	0.0028414057650661562	0.0	0.0017736716289304154	0.0006295799239069311	1.1029143148846288e-05	0.0007583870099915657	0.00043862528020554236	9.621629982632385e-05	0.00016868109049056557	0.00030564733134781364	0.00042145344478797145	0.00022291187297753367	0.00018592281599808303	9.645120665368268e-05	6.44097017357126e-05	0.0002533282007163962	0.0005590032568947123	0.00020484944850750252
BPArm[>30]	6.844564532038077e-08	0.0	5.974471569061279e-06	0.0029905191185025616	0.0	0.0011645838983580959	0.0027875277714338154	4.916015667788542e-06	0.0	5.80885083459215e-05	2.4433767009668373e-10	1.8024991239826703e-05	0.0011741097438844527	7.537871408658248e-05	0.0003360417423134621	4.510757222305983e-05	6.551097147166729e-05	8.129796030686976e-07	9.266040218136595e-05	0.0001153918498276596	0.00010455549640823847
CN[0]	2.41086270670543e-06	7.720700157065608e-05	2.9491700104244958e-09	1.5107515238810265e-10	1.3144999904568522e-07	0.0	2.2337140093142693e-08	0.003001452962284645	0.009190863751815641	0.08806356960936437	2.089983652808769e-10	0.00704634640365839	9.350288934228956e-09	0.012595371220227455	0.0029993331281457356	1.6715328499117277e-08	1.1778166517615317e-05	5.176494681882363e-09	0.00191073080735487	2.97511288493979e-09	0.0032309634906555118
CN[1]	0.0009509730172623376	4.898679535031647e-05	0.0011607223639748482	0.0005677031148792367	8.51367530412972e-05	2.802596928649634e-47	0.0	0.37093378707766533	0.020612044974822084	0.023734002985840448	4.115276452942851e-12	0.004447538953576214	0.0017721550637993034	0.006358663776165353	0.0015861839117398801	0.002482218393236973	0.00040079014832883786	0.0013604364814970493	0.0007968952276307562	0.0012362271183741314	0.001113272250283721
CN[2]	0.009463179083997644	0.027610686582078534	0.00812158777883535	0.04639406374655664	1.7386747523268502e-18	0.00032057591607722723	0.0012516010878607631	0.22421002626419068	0.006707599724406508	0.04280372410312834	0.001549624287338225	0.7166019305214286	0.011528503942367197	0.00784661001626792	0.0012962096333812665	0.005471571519734473	0.0007537484314237654	0.0003756237589910116	0.008288844565444854	0.001378624754561086	0.002179067099293013
CN[3]	6.7397863021101404e-06	0.0038024677836801858	0.041679133238333464	0.10526286453950093	0.012561569456217114	0.0001936350902542472	0.0010117875383002684	0.0	0.029702892638742925	0.0007421359699219466	0.18342535188654438	0.007995468182560792	0.009636324726588832	0.03638152634514368	0.11645707603543996	0.058856772533896734	0.07992202270477719	0.08154324776655987	0.058448347387666216	0.04766386615109774	0.04681324554607272
CN[4]	4.240742902394956e-09	0.0	0.0020892800229501064	0.004261821145335603	0.00016326758496347792	0.1130996795091778	0.0024718544037739686	0.0	0.00595328878033148	0.03011354457185007	0.27188600197434426	0.00046093727586040247	0.001700834273912422	0.00975440551993203	0.02522946503184926	0.03190827514095403	0.007290970277764756	0.0211405992399126	0.02264696662765573	0.0228906829828117	0.04127126363218167
CN[>4 & <=8]	3.132803040095666e-08	6.817008824100412e-10	1.7588890415254356e-07	1.7148200842399836e-07	3.2626058121820734e-09	0.2603232152760029	0.05274646719731038	0.0	0.06467279457065267	6.742331535747325e-07	0.020778529174072892	9.066050872206688e-05	0.003926819082662156	2.5336165300871015e-07	0.0055682270593612904	0.004073495348147276	4.693378099962509e-06	1.2290632286777736e-05	1.4056544674900807e-07	1.6435199697406589e-06	0.002565557507730887
CN[>8]	1.2161468816440645e-07	1.350322558657524e-08	1.9489364438962655e-09	6.994968870799312e-10	8.39150906983832e-09	0.0025943122776345717	0.19995002761483194	1.401298464324817e-47	6.192113996181803e-05	7.200566862763935e-09	7.306755439834279e-08	9.341761426640005e-09	5.207151396721343e-05	7.672514339418512e-08	3.876601553542969e-08	3.8279608247648866e-08	5.725367131519234e-09	1.3138557761749326e-08	1.0537145556099858e-07	5.5652083830182164e-08	0.00012529627086637517
CNCP[0]	0.04863124525174498	2.57149297056003e-08	9.872571382629758e-10	0.0	0.00020839725374692365	0.0	0.0	0.0	0.0003834508950906468	0.0005386367345677102	0.0	0.00011935405875853178	0.0	0.00017017690697684884	3.6969517823308705e-05	0.0	0.0	0.0	1.1613480311680747e-05	0.0011509881913661956	3.074136475333944e-07
CNCP[1]	0.0	0.07626939484383911	0.22004220686852932	0.3449131117761135	0.033017269904376007	0.007848326531238854	8.14218947198242e-06	0.19529428168658342	0.00037550410022959115	2.802596928649634e-47	0.005387190512847155	0.01954456642270088	0.3094020264595747	0.019953011352767166	0.04026190536078502	0.005858713885593261	0.006714200416197491	0.003716222559748894	0.050704427255512476	0.010220211050988193	0.014110920825234068
CNCP[2]	1.1372731307246475e-08	1.6499604107877985e-07	0.0011114178569182798	0.0007907596254517557	2.543464358240044e-08	0.13147203684784506	0.001910906121163407	0.0	0.01938823580935377	0.33964003920555114	0.09587773183578172	0.011894656658828	0.014517243949773486	0.007572866858821854	0.0020032650977071854	0.004146305559413151	0.0018792537183190917	0.0015275323184209594	0.024609986850027785	0.001665442517840958	0.019094645379692566
CNCP[3]	8.11680085033295e-09	2.8997237677685916e-08	0.003431432391452063	0.000799107442053355	3.5794123220966867e-09	0.040557525637268554	0.02474032388534397	2.868072532002941e-07	0.10430736199487001	0.0028031565893168065	0.0005548392300839567	0.000487907194215218	0.0021819051879538166	0.0001753399133980338	0.002140814431374096	0.0012344434578085385	0.00010127961680098381	0.00022043511907597236	0.004091406529442472	0.0007785272139890509	0.002083230228748647
CNCP[4]	1.20554246860749e-07	4.183965280901703e-09	6.460092113456994e-05	0.00023748998881927718	6.841434121440671e-08	0.017153989495709537	0.03218836434185505	1.77557495817382e-09	0.050339678525924685	0.0006241686023475346	6.010368051647674e-06	9.022590875119377e-05	6.413413972609305e-05	2.356545418698074e-05	0.0005930125250534957	0.00025853536487375095	5.3157045840634965e-08	2.263473359676027e-07	8.600994449921018e-06	0.00013571670862432938	0.0006012935049189139
CNCP[>4 & <=8]	1.117669076045047e-07	1.0674626000906111e-08	1.6155077823043484e-07	4.701770634847335e-05	5.251243745618694e-08	0.0018796000638889598	0.09465968191623687	1.2415970251922203e-10	0.05488027695566416	0.0003480155913100269	7.030794790807704e-10	6.479065298492514e-08	3.929699239790807e-08	1.5647721415936246e-08	0.00011741201820647973	4.504874596023001e-07	1.6205800177360175e-08	3.2814248704937656e-08	2.2312868699220225e-09	4.527634185791385e-07	8.721612717430105e-05
CNCP[>8]	3.7695062260922895e-07	2.375869667758934e-07	6.016981046741421e-10	2.0021635238620662e-10	1.1061293430092433e-07	0.0	0.09181352399289608	6.298963248241308e-07	9.168239986534488e-08	9.229914565978033e-09	2.8533832972393647e-09	9.537353820476824e-08	5.8343444706565607e-08	5.637393130086821e-08	1.302794647273231e-08	5.842716888082598e-10	2.5450890461797826e-09	0.0	2.0683918577907364e-07	3.3697659773679335e-09	4.8077104876087515e-08
OsCN[0]	0.04138696664958183	0.00092736979480833	0.04331554286030528	0.017629077766093	0.001324508644014486	0.10418908666819333	0.17894283637404443	0.001964420658697546	0.010309577891603113	0.008705903031554538	0.000769614549138037	0.04718177478527652	0.013118199836550014	0.022966974722595755	0.010830739695387441	0.0284541967976884	0.0161483753862509	0.022790929260742235	0.023123178859242196	0.07357374470522463	0.11334232639060808
OsCN[1]	2.2249959198177293e-05	0.04984865881502629	0.0254695569886826	0.013882101667986717	0.0074469668013512095	0.03637015975080431	0.021573299830779432	1.1210387714598537e-46	0.11012804195284844	0.047922010645270345	0.021392821583431778	0.013277112180284689	0.029045639249379748	0.02356765794519009	0.024681516538839786	0.012366553467305202	0.019308550685276628	0.002500718909359535	0.03014198541583034	0.015365455545306002	0.013531313552521169
OsCN[2]	3.6699968242182024e-09	0.0006184792786370963	0.01286626205430366	0.007132812256459147	0.0023430155939422547	0.008785138033563272	0.00415471465617884	0.000820182550761678	6.454431597376242e-05	0.003488658109345124	0.001342348875125826	0.0006564290813318921	0.009225285863986982	0.004316420747042285	0.0025730468241567904	0.004611527059194316	0.0032941186449977912	0.00352724079178266	0.007190594530314343	0.003194434659658898	0.005171979468282419
OsCN[3]	2.1566845176401727e-09	0.008905166597105562	0.0054889020300470295	0.008484296479728072	0.0	0.0020594679855629777	3.092801962338854e-05	0.0012935363035008868	0.0031252367155684625	0.01407353206537664	0.001755435439575379	0.0015171592222384333	0.01433521845843643	0.0027113056042591933	0.001789054950766058	0.0007263601403939496	0.000913670750617257	0.00014761868127390542	0.0022321168888070632	0.0004215791604372043	0.0005464746490770267
OsCN[4]	2.4402811455992434e-08	7.066761012538337e-05	0.003361779551778454	0.004545257427380421	0.00017839219712186604	0.0008227265282039351	7.006492321624086e-47	0.0015322042958661169	0.0	0.0005798516656068387	0.0006916923019218757	0.000205779155183734	0.002994159185618628	0.0009611736784313507	0.0004629235972129209	0.0005870053891919157	0.00013794749033899955	0.0005331384294186137	0.0009874044805837912	0.00039446539107792947	0.00032767156732858876
OsCN[>4 & <=10]	1.1455497967993722e-08	0.0006451933307835134	0.0028752786662334983	0.01328467262967024	0.0	9.435646556084976e-05	3.450685180723667e-06	0.006498023071845736	2.2797943965997547e-05	0.004839968264568597	0.0004948047741092765	0.0006469898774672033	0.007683626220386941	0.0004788913838709874	0.0010971466101818805	2.2420775429197074e-46	0.00010403889357121443	2.802596928649634e-47	0.0013008909918221434	0.00020157346125067476	8.111887145787478e-05
OsCN[>10]	4.22763492458067e-08	0.0	0.00011294640126449095	0.002949107814929448	2.5287539173746155e-10	0.0	3.957918773433988e-07	0.002235185054410067	0.0	1.6102518196703385e-05	6.35942178631943e-06	6.598389579146158e-05	0.0008499563361078799	5.5272625759243964e-05	0.00032082628333171217	3.07381952779906e-09	9.945400062294496e-06	6.928661155924942e-08	0.0001791633215600008	2.8349954620603414e-05	0.0
SS[<=2]	7.698326786709231e-08	7.817887080818764e-07	1.401298464324817e-47	9.310226377067466e-05	9.34994275191059e-06	0.0014145006242324597	0.0013892496726475656	1.5272768132490455e-06	0.0018626874731853605	0.00011293551273183766	8.133522764183e-05	0.00012537903835038833	0.005249303366026652	0.00011663718265744193	0.0002948280944559656	0.0001506511001480357	0.00010544576807888007	1.5610552751468276e-05	2.7714415532500426e-05	0.00010353067478291678	0.0006377879530424716
SS[>2 & <=3]	1.4133376531333396e-07	3.5109534501920336e-10	0.0	0.00015103980305555709	3.2413809591957943e-09	0.0002868121721574469	0.0022623624435527743	1.9790892480386903e-10	0.024885657809011627	0.00043231706135610004	3.37826477903036e-09	0.0010137355797201408	0.03252450979930927	2.0970644464775034e-05	1.2518987859948539e-05	0.00011044364226989955	2.2420775429197074e-46	0.00016028278349722314	8.151056283161595e-05	9.43668518971208e-08	0.000253306636035262
SS[>3 & <=4]	1.0090053578437619e-07	3.74430712213325e-09	0.00013536893113105463	0.000583616556937585	2.2920741393761546e-09	0.00023600595982202323	0.00044311289921097343	7.337761239140762e-05	0.09221840016892656	0.0017767473588450856	2.239066390075095e-08	0.004266891566335431	0.16008053321377816	2.0718151390042293e-07	1.203084500048135e-05	4.344025239406933e-46	7.691195150982822e-08	0.0013992310474310442	1.704432300954295e-05	1.3158982731333362e-07	3.622055828600424e-08
SS[>4 & <=5]	1.4833312722561942e-09	0.003840616622561015	0.0	0.05435952492058277	0.0	0.00294232630286252	0.05218403576873243	0.004621051255283568	0.01067445502238634	0.048589438112676395	0.0032071528051787366	0.002816078371070037	0.25332896105945113	0.009369331789202988	0.02794510545356328	0.0005235597678984097	0.008308325083953747	0.0036971479338097878	0.06012263583397285	0.020630415984340834	0.00693417857631794
SS[>5 & <=6]	1.882445088696727e-11	0.003585525446034381	0.006473718900233507	0.19260829765349627	0.002574576518964103	0.09008079414197709	0.1053894928470254	0.06779349275182416	0.003688753880560398	0.05874664889852284	0.010070547929911342	0.0037660900880039884	0.017975864904001354	0.008118075748466777	0.017775981928513738	0.009241921940270808	0.003714539296925068	0.0111738458538631	0.008683098778128624	0.0068863213134669156	0.02796459305088815
SS[>6 & <=7]	0.0	0.0009793313080444933	0.21957966536283494	0.07300467767543523	0.0015390433836364537	0.05054195438278839	0.029178629903617546	0.025688173654773314	0.0778701219521496	0.07090149581898003	0.01037571647457543	0.012645341213828683	0.000332927443087101	0.023709571272930104	0.01606512269063387	0.03649069541553672	0.01536193672312038	0.016091424806907072	0.03246532379707787	0.01784145668553676	0.02358992363243308
SS[>7 & <=8]	0.015974149266257884	0.14002919763326646	0.07568176483735442	0.0029500322892426416	0.08654096430167556	0.0030065065160488303	0.000358853154466547	0.008135857549671732	0.045182237500503104	0.03648545564527012	0.0232725322683564	0.03388660291898357	0.003793924668359561	0.04656431501623956	0.01469033133420453	0.020692414266787605	0.03150497774898327	0.020263643636135385	0.04384312688722275	0.02821927908263265	0.013458382567782819
SS[>8]	0.03685743545657715	0.0011137620202332599	0.0	3.984048386751482e-09	0.013795974819184948	1.6406325187290348e-10	0.0	0.0	0.0	9.187911709229724e-11	9.254992328067146e-11	1.2888230518370846e-08	1.3825966789227096e-08	4.426402480106617e-09	3.6311797657617717e-09	1.947457818118892e-08	3.1055326132900517e-09	0.0	4.9595004583125046e-08	7.891804889226251e-07	2.9648368879975352e-08
NC50[<=2]	0.0013687877648044377	0.0	2.3022295181363006e-10	3.4431069448892517e-07	5.890883514325651e-10	4.678784430556249e-08	9.555437134288525e-05	2.0812444645468275e-09	0.0	0.0	0.0	0.0	5.098539117387446e-07	8.981418208264813e-08	6.2418745372383455e-09	2.9288782618763774e-06	8.220929437969816e-06	1.2926603867313702e-06	2.6643475998469057e-05	4.192712298392687e-05	1.4924997595002765e-05
NC50[3]	0.000514548116188962	1.2530811053679258e-05	0.0	2.9264404220707975e-06	0.0005795144271542085	1.0022479364124592e-06	7.941297261595536e-05	2.4034235633165758e-05	0.0	0.0	0.0	4.841916340758701e-08	2.819041264494615e-06	5.528623863710891e-06	5.725138097716354e-06	7.522798232528771e-06	1.1254067544541614e-09	9.63023633012483e-06	1.4071366717232081e-05	1.9605290610513746e-06	3.2935384246890464e-06
NC50[4]	0.00010715913980718029	0.0002035813801921904	0.0	1.2578341052273956e-05	0.0013006795245746616	1.3473244598571909e-06	1.9195213408238487e-05	0.00010752201388505967	0.0	0.0	0.0	1.9902958570128248e-08	1.4062162108530174e-05	2.7104153559776025e-06	6.635130803260836e-06	1.3035113911428197e-05	4.6563934301957486e-06	0.0005309891230253072	5.852310423506424e-06	9.662550102632395e-05	7.1450281757279295e-06
NC50[5]	2.273877036238048e-05	0.0006276440277360962	4.779168185997662e-07	1.61751390724163e-06	0.0008908936880470719	2.545863315443597e-05	0.0	1.401298464324817e-47	0.0	1.0714947221579508e-05	3.289815098668214e-05	9.627903083888611e-06	7.473552680430373e-06	5.532930070657471e-06	1.2577257458588064e-05	4.0792786117407334e-05	1.3066067578577645e-05	0.0	3.207055878127641e-05	1.2503664308027851e-05	2.3341783076880062e-05
NC50[6]	9.654463743480335e-06	0.0007002840109635144	0.00011786495675409015	8.163913370129449e-07	0.0002149980679678265	9.01525523531177e-06	0.0	0.0	0.0001037139183956981	6.610691206422103e-05	0.0006021131324564521	4.7497635699969006e-05	7.476623764546275e-11	0.00016262545960740837	4.782974548867003e-05	6.676530065305997e-05	1.505054669491912e-05	0.0	0.00024092514623589523	1.192161565995775e-05	4.181766714960844e-05
NC50[7]	7.3471974011596335e-06	2.7810014125151383e-05	0.0002701851004093214	1.129633943292907e-05	2.213755691548691e-05	5.084293729851197e-06	0.0	2.1515752303002956e-06	0.000265596750741679	0.00019554661306234067	0.0006560417156028464	6.493683208987022e-05	3.182660788297653e-05	6.597629559109918e-05	9.487228558332284e-05	9.745912524181222e-05	2.5052278069779276e-05	0.0	0.00017236918665531676	3.1342801594291814e-06	6.806676394335298e-05
NC50[>7]	2.496098484130016e-05	4.967476989747865e-09	3.7940403997329676e-05	5.039448831278825e-07	2.185947503348107e-06	0.0	0.0	2.4020177997385872e-06	9.47124401826116e-05	7.443111039584505e-05	0.00012087069477302314	5.593773596132223e-05	0.0	6.819033547060816e-05	2.954478305167374e-05	2.4179075954897655e-05	1.3769949088366928e-05	3.924834679480682e-11	3.214449085637394e-05	7.905100405309895e-06	6.543096669505921e-05
BoChr[1]	1.6316334626365059e-06	0.0009307468388060514	0.004218711292377425	0.0012598500640915644	0.00024227513304621694	0.003663066141108244	0.00011085783226200352	0.0003374185834881957	0.005932137478944508	0.0015415215707677585	0.0019189960945429432	6.629527943189815e-05	0.0029648537494381434	0.0003257747142405602	0.00028521102284746915	2.427242301942932e-05	0.6112244958430528	0.003640773190818468	0.00197688335850569	7.709417388943655e-09	0.0002699160892826047
BoChr[2]	1.7930594240928023e-05	0.003097112046637367	0.01523992337302616	0.002781640638350353	3.6890370301989604e-06	0.013792131022232175	1.0676019428501604e-08	0.0036124497004425393	0.0030476394768913905	0.0036387958790972874	0.025565672835601846	0.0004198161547459696	0.0018014773013029003	0.12432671965085718	0.012256926148903866	0.0009057870879769325	0.00010446560262721505	0.00011667438880749614	0.01462705310376549	0.00023479077204207498	0.0007311460525784242
BoChr[3]	2.6451227326167447e-05	0.00138436599837525	0.009004679112965977	0.0014717254911199326	0.00032402901162981835	0.013423053906454485	0.00014785893408159723	0.005075692371106868	0.0016491572077494254	0.0042551161035261605	0.006422201656224473	0.0002600005716898579	0.007282850113057155	0.19934511986209727	0.034171656581054324	0.016348405327322978	5.605193857299268e-47	3.1746054712584734e-05	0.00371039480473172	0.0026736241906806413	0.00037277121800542544
BoChr[4]	1.849009156007497e-08	0.000593965126826177	0.003806035307763409	0.002080097486720547	0.000383647175991646	0.00316173057376961	0.0019124298958290353	0.005022344803983056	0.00546995812728569	0.004889716516484839	0.03088722612664128	0.0030052678748820226	0.007536234567689442	0.013120868378519219	0.05823680040783401	0.026207150657187414	0.008258429800159775	0.01947045454005263	0.004196445864373447	0.014965623593488716	0.002145021589710012
BoChr[5]	7.818978172724478e-07	0.00041779253360384557	0.0026198943659028573	0.0016777842887436437	0.00013126673379014963	0.0011576506107328298	0.003141745014211941	0.0012270563914708532	0.0022742425318665483	0.0020799854685671446	0.011800501613103052	0.0002948008158065818	0.013927022526647584	0.01264300041675142	0.1533632843196392	0.03927500912449034	0.005544233305980128	6.535018546856008e-06	0.04289400906858642	0.0298418816388011	0.0002658783927002162
BoChr[6]	3.2149038241713334e-06	0.00038627197935916515	0.002040285289863521	0.0028391609203777517	0.000555057048702281	0.002710655401750116	0.0007815173530525632	0.003739501178854201	0.0041068920767971485	0.0026051219956564186	0.03014026920944199	0.00029566190955378625	0.00039121239874618575	0.001002921425343972	0.0034563880318007278	0.2772105953154545	0.01670041055662317	0.0033962792033767285	0.0034380372140271477	0.032042302157374185	0.006935826397831757
BoChr[7]	6.46063656566831e-06	0.00033548412941286187	0.0015690606176694437	0.0013466549607603438	0.0004009398741395564	0.004066468016495373	5.892472360624624e-07	0.00015210132570299352	0.0024015024892303444	0.0020879310050824036	0.005546969874895324	0.0003103600701151876	0.0022265229430484595	0.012778908109447162	0.30028515645207565	0.0040881160579666845	0.015440194655074091	0.005748043980783315	0.002970029652082715	0.03351073295805176	2.821538506427862e-06
BoChr[8]	7.372604789357418e-07	3.2973706023575744e-06	0.0011181700884564467	5.7652711366805024e-05	3.0014396353017505e-06	0.0007519451135783406	3.1612287717481636e-06	5.501321880343468e-06	1.8574661796598607e-05	0.00010024063948647823	0.00047730255316063495	3.3235320032322666e-07	3.296350930694469e-05	0.0004720438187518696	2.47867033478407e-05	1.8037289816577174e-05	5.510333881492915e-06	0.6316776126623154	6.835034081644764e-06	4.808003731297961e-05	0.00019448105059712513
BoChr[9]	2.5572676399798766e-06	0.0003308581132679933	0.0010758973443021347	0.0026538970903231983	0.0011592004031260928	0.004914454490008151	0.00016643877999740652	0.005050893593411345	0.003930410854418014	0.005966973036864514	0.018728478146705307	0.0034852001992420867	0.0007581963618841314	0.09265122238564259	0.009895035151695274	0.04050838103943846	0.0002057833714458468	1.1796947403546199e-05	0.012407408866002216	0.0016542848171427948	0.009614463850272158
BoChr[10]	5.712183034224383e-06	0.0005495976489685007	0.011376761832484589	0.0006559591838978917	0.0008068134603101385	0.0043652654018660544	2.756148944627057e-09	0.0072295984357205615	0.007257502189971205	0.004899105597995685	0.03100194496216922	0.0021648666908379256	0.004548170695285592	0.012555336064715449	0.00966961720288964	0.01473697837907821	0.0055869687125505154	0.010774256351049871	0.007021896082442254	0.00802913620651946	0.0010218011419055983
BoChr[11]	1.185642358939587e-06	4.460453859032043e-06	0.0009800094761460028	0.0007221949235628755	0.00017461263863710385	0.0004382302946051997	0.0012767757281000169	0.00019566030253181932	0.0018841373555632964	0.001623838585860211	0.0007707176020070073	8.7854453008174e-06	1.1683795916171413e-05	0.00018632301313222638	0.00014577547031718207	1.1012865664621756e-06	0.024909051968186623	0.017220353488128684	0.003131465674778875	0.4754395524591429	0.0004831991614876685
BoChr[12]	1.5669793845329848e-06	0.00011382697769201063	0.003353644681633598	0.0016387553853600067	0.0006173216140072224	1.2732153642320832e-05	0.031805967792658166	0.0027138272675419463	0.00017545027348761706	0.004381541638416955	0.01786453418110076	0.0007301073294399736	0.00016632212202471645	0.002456758673898989	0.0014080054417181741	1.2677420665105614e-08	0.012486011917431483	3.0441700481393017e-07	0.28772324725986437	0.004426303878105626	0.004306909793291076
BoChr[13]	6.430932990797444e-08	0.0006892991883910327	0.0007601180804260821	0.001068104378456809	0.0013853272885681633	0.00200704548178976	4.747022389590683e-06	0.007373346857537324	0.004137620817625702	0.0008834209929622716	0.02685410896750341	0.003802076682113764	9.686395728616489e-05	0.016268942911246996	0.00656573103787963	0.029133409492496865	0.008801932847901667	0.0006673878518347465	0.010098189491178048	0.0013255691788072	0.010352730964859802
BoChr[14]	9.233917331850972e-05	0.0011128277175643947	0.004234125415553649	0.0031503983410323144	0.00275942226119696	0.004839606331637293	0.000881165714818053	0.00101664157791147	0.00503696958970977	0.0028003889549111705	0.010230994373058602	0.004702035575006529	9.768419498878466e-05	0.007548544728160209	0.0038255383966566115	0.023483813971279233	0.002631771051849796	0.00018565487925670254	0.01691878258093823	0.0001707791768293987	0.023461622198956436
BoChr[15]	4.948288107153864e-08	0.0006571859654047988	0.003753822009424539	0.0016972635307213224	0.000940106875330784	0.0037617370357089573	0.00024189107915000975	0.0007937748715436049	0.007206098783062771	0.0021338472593495795	0.011235257407679455	0.003375951919252085	0.0015703201994699612	0.008025439178260228	0.0045319107857944374	0.013106997742725071	0.0019698566816729367	0.0	0.01010487039416482	0.0010407121097654225	0.02122534247935789
BoChr[16]	3.3815937007686257e-07	0.004233919184732713	0.003540198127457188	0.004266916607793974	0.0032726752909756117	0.005413016921665985	0.0003566163616051199	0.0002578525128546971	0.005058791810879484	0.005997614021471236	0.014257201451109723	0.0009826651541516185	7.184893977011235e-18	0.008636387153610486	0.0027814916932402413	0.007963678129308392	0.00020114537328481675	4.7406464582309126e-05	0.005266941919423403	0.005514519064861787	0.012018821105191315
BoChr[17]	7.464590425501072e-06	9.526651454039748e-05	0.0001111215185259562	8.184144112887814e-05	0.00013477859924490015	1.8065192511352177e-05	0.00023890223533684394	8.253294542857503e-05	0.00017464614430588555	1.0869056268347776e-06	0.00011865419597146352	9.731627273357191e-08	0.000796089218900944	1.1412349162185376e-05	1.5989089621193387e-07	0.0003784105593584286	0.024872466674493103	0.025080273807540313	1.4667119550574356e-05	0.03555504453361173	0.3991459526622577
BoChr[18]	1.772043738968998e-06	0.00027875583183501363	0.0014453484900494864	0.0012079095858331358	0.0015071572031626257	0.0047585540027802065	0.0003540591450249053	0.0008052491482915425	0.0012550698367223044	0.000528085075916489	0.005233880452615267	0.004953188723533781	0.0010517929196115139	0.047841135340277105	0.012719381057014489	0.06991206454061284	1.0167011502915107e-07	2.802596928649634e-47	0.01341061397464926	0.0017882676291652545	0.007181665177933821
BoChr[19]	4.4665585184233693e-07	0.00011574958555165437	2.3192014597270828e-05	0.0055682236242630976	0.0008759173688904909	0.009433805670543407	0.0006369364308556538	8.731109308865115e-05	0.0006285468000368156	6.532682980633808e-05	0.007101838171562775	2.0154066535766907e-05	0.0002307139623547886	0.03838697916247061	0.01275090064753499	0.0600132925158211	0.026394998724722143	2.0625272850161024e-06	0.0032366679550416676	0.011956550245748758	0.02620127317706647
BoChr[20]	3.7030139604489823e-08	0.00035610742869408797	0.001754489635725065	0.002590367377226528	0.0002492599564287445	0.006839455105946705	0.0016383426709001133	0.00013947807260247913	0.0005870645925483587	0.00017408562363975478	0.015918354797827626	0.0002562601870420167	7.982783927218406e-09	0.030957537498127664	0.012641067888725956	0.0380370178455081	0.0023605604469776153	8.689200512890239e-08	0.006856595528300033	0.013716407027400165	0.026475751299642435
BoChr[21]	2.8055293447919462e-05	3.264947095885873e-05	0.0013742996414021907	0.00012836878740927205	0.0024447011761269976	0.003003779711871175	0.001387789533355317	0.0034727888929010574	0.0014356671807286149	9.366635393234901e-05	0.008526413401786498	0.0030493224596796153	0.008147906633096565	0.009078183536311147	0.005497989700525068	0.010611651939761116	0.003656855456647463	0.0004078830440994352	0.00806815578485839	0.003501902509950696	0.002915447150462569
BoChr[22]	3.818434658866554e-05	0.00038259715090582054	0.0004993927232146689	0.002607795409269329	0.0018439929864917382	0.0025801717052149798	7.60519292791173e-05	0.0008687992905138842	0.000612946277942683	0.00083488419726785	0.004292006632497305	0.002655278326948866	0.002588490625785198	0.0235243375448163	0.0008024015506293836	0.026141742659438593	0.0006366961510502734	6.780998664908111e-06	0.006551141581863931	0.0021199745700544613	0.02195687931332941
BoChr[23]	0.0010490983346240056	8.220990537665784e-05	0.003927368132970201	0.0014060302999864996	0.0002816257637459785	0.0009724452819500584	0.003002478270209394	0.008756464745704875	0.0180746642590384	0.0003417202698464918	0.0202027310593985	0.007057766340805642	0.010615902012214065	0.012328761948052715	0.012970301847090013	0.005914810970425606	0.005523021356784738	0.0005538002692628652	0.003295114912616555	0.007175951665267348	0.0020534858107566834
