NMF_Replicate	L1	L1 %	L2	L2 %	KL Divergence	Correlation	Convergence Iterations
1	205.41	18.283	41.004	10.725	0.07	0.991	50000.0
2	200.404	17.848	40.162	10.497	0.07	0.992	70000.0
3	201.623	17.952	40.334	10.552	0.07	0.991	100000.0
4	200.78	17.809	39.817	10.365	0.071	0.992	60000.0
5	195.236	17.248	39.056	10.175	0.071	0.992	70000.0
6	195.075	17.219	39.22	10.204	0.07	0.992	130000.0
7	197.794	17.527	39.643	10.35	0.07	0.992	60000.0
8	202.546	17.925	40.117	10.441	0.071	0.991	90000.0
9	198.112	17.512	39.733	10.346	0.071	0.992	60000.0
10	203.117	18.105	41.16	10.742	0.07	0.991	70000.0
11	200.636	17.716	40.302	10.472	0.071	0.991	100000.0
12	201.426	17.981	40.831	10.65	0.07	0.991	90000.0
13	201.161	17.988	40.549	10.607	0.07	0.991	70000.0
14	200.787	17.919	40.249	10.494	0.071	0.992	80000.0
15	201.469	17.913	40.269	10.505	0.07	0.991	50000.0
16	200.97	17.906	40.334	10.533	0.07	0.991	90000.0
17	198.697	17.545	39.842	10.37	0.07	0.992	90000.0
18	201.063	17.975	40.91	10.672	0.07	0.991	90000.0
19	201.794	17.968	40.448	10.566	0.07	0.991	70000.0
20	200.32	17.871	39.945	10.445	0.071	0.992	90000.0
21	199.048	17.868	40.214	10.56	0.07	0.992	90000.0
22	203.482	18.117	40.708	10.625	0.07	0.991	130000.0
23	198.758	17.81	40.041	10.47	0.07	0.992	80000.0
24	195.184	17.314	39.093	10.204	0.071	0.992	120000.0
25	197.162	17.315	39.859	10.341	0.07	0.992	80000.0
26	197.562	17.437	39.696	10.324	0.071	0.992	70000.0
27	200.593	17.708	39.629	10.313	0.07	0.992	90000.0
28	195.358	17.251	38.814	10.099	0.071	0.992	80000.0
29	194.751	17.155	38.993	10.166	0.07	0.992	70000.0
30	202.326	17.984	40.653	10.603	0.07	0.991	100000.0
31	196.963	17.422	39.337	10.24	0.071	0.992	80000.0
32	196.159	17.319	39.064	10.184	0.07	0.992	80000.0
33	194.772	17.185	39.148	10.198	0.07	0.992	60000.0
34	206.678	18.286	41.3	10.762	0.07	0.991	50000.0
35	202.711	18.024	40.813	10.666	0.07	0.991	50000.0
36	204.79	18.181	41.204	10.733	0.07	0.991	100000.0
37	196.564	17.44	39.415	10.295	0.07	0.992	80000.0
38	204.39	18.145	41.091	10.667	0.07	0.991	110000.0
39	199.594	17.688	40.968	10.649	0.071	0.991	130000.0
40	201.367	17.935	40.368	10.561	0.069	0.991	50000.0
41	200.453	17.689	39.973	10.397	0.071	0.991	100000.0
42	201.8	17.986	40.621	10.569	0.07	0.991	90000.0
43	194.583	17.141	39.115	10.18	0.069	0.992	70000.0
44	205.241	18.315	41.563	10.853	0.071	0.991	60000.0
45	195.59	17.41	39.218	10.244	0.07	0.992	110000.0
46	203.986	18.161	40.709	10.627	0.071	0.991	80000.0
47	201.854	18.034	40.534	10.619	0.07	0.991	140000.0
48	199.749	17.586	39.88	10.363	0.071	0.992	50000.0
49	204.25	18.184	41.114	10.744	0.07	0.991	80000.0
50	201.668	17.958	40.192	10.517	0.07	0.991	90000.0
51	202.772	18.109	40.598	10.621	0.07	0.991	60000.0
52	200.706	17.711	40.433	10.494	0.072	0.991	70000.0
53	204.68	18.151	41.476	10.829	0.07	0.991	80000.0
54	200.99	18.036	40.542	10.631	0.07	0.991	70000.0
55	195.432	17.311	38.71	10.098	0.07	0.992	60000.0
56	194.695	17.272	38.906	10.15	0.07	0.992	90000.0
57	202.241	18.021	40.511	10.569	0.07	0.991	80000.0
58	192.7	17.081	38.322	9.993	0.071	0.992	100000.0
59	196.385	17.173	39.709	10.278	0.072	0.991	70000.0
60	203.7	18.102	40.706	10.621	0.07	0.991	140000.0
61	196.698	17.444	39.335	10.269	0.071	0.992	120000.0
62	202.196	18.024	40.459	10.578	0.07	0.991	100000.0
63	201.094	17.874	40.083	10.444	0.07	0.992	70000.0
64	201.534	17.866	40.285	10.508	0.07	0.991	80000.0
65	204.665	18.24	41.041	10.724	0.07	0.991	80000.0
66	199.916	17.954	40.24	10.574	0.07	0.992	100000.0
67	196.118	17.375	39.672	10.296	0.071	0.992	90000.0
68	195.896	17.325	39.226	10.22	0.071	0.992	100000.0
69	202.609	17.948	40.009	10.415	0.07	0.991	120000.0
70	204.572	18.154	40.784	10.637	0.07	0.991	80000.0
71	194.298	17.199	39.048	10.184	0.071	0.992	130000.0
72	199.781	17.803	40.11	10.483	0.07	0.992	90000.0
73	201.417	17.862	40.228	10.483	0.07	0.991	80000.0
74	197.028	17.473	40.026	10.427	0.07	0.992	90000.0
75	195.841	17.34	39.23	10.195	0.07	0.992	110000.0
76	198.122	17.495	39.497	10.288	0.071	0.992	90000.0
77	203.966	18.188	41.253	10.773	0.07	0.991	90000.0
78	192.9	17.135	39.035	10.169	0.07	0.992	50000.0
79	201.148	17.881	40.811	10.644	0.07	0.991	70000.0
80	203.17	18.006	40.729	10.612	0.069	0.991	80000.0
81	194.925	17.4	38.956	10.173	0.071	0.992	80000.0
82	197.704	17.315	39.806	10.302	0.07	0.991	110000.0
83	195.733	17.303	38.804	10.105	0.071	0.992	70000.0
84	196.429	17.424	39.212	10.244	0.071	0.992	60000.0
85	202.034	17.961	40.25	10.521	0.071	0.991	100000.0
86	201.682	17.788	40.154	10.444	0.071	0.991	90000.0
87	195.126	17.302	39.091	10.206	0.07	0.992	110000.0
88	204.113	18.126	40.771	10.64	0.071	0.991	70000.0
89	204.69	18.295	40.765	10.681	0.071	0.991	80000.0
90	196.747	17.544	39.214	10.268	0.071	0.992	80000.0
91	199.43	17.545	40.107	10.383	0.071	0.991	100000.0
92	200.976	17.857	40.474	10.565	0.069	0.991	70000.0
93	202.892	17.958	40.788	10.583	0.071	0.991	110000.0
94	200.906	17.853	40.497	10.55	0.07	0.991	110000.0
95	192.235	17.044	38.644	10.089	0.07	0.992	160000.0
96	201.61	18.043	40.499	10.6	0.07	0.991	110000.0
97	196.863	17.382	39.427	10.274	0.07	0.992	80000.0
98	198.498	17.525	39.522	10.295	0.07	0.992	100000.0
99	207.015	18.341	41.482	10.79	0.07	0.991	90000.0
100	198.178	17.583	39.916	10.423	0.071	0.992	100000.0
